None

None

None

None

None

None

None

None

None

None

None

None

None

None

None

None

None

None

None

None

None

None

None

None

None

None

None

None

None

None

None

None

None

None

None

None

None

None

None

None

None

None

None

None

None

None

None

None

None

None

None

None

None

None

None

None

None

None

None

None

None

None

None

None

None

None

None

None

None

None

None

None

None

None

None

None

None

None

None

None

None

None

None

None

None

0 0.705469 0.133333 0.0625 0.216667 0.56

0 0.705469 0.133333 0.0640625 0.211111 0.64

0 0.703906 0.133333 0.0765625 0.205556 0.71

0 0.702734 0.1375 0.0773437 0.2 0.67

0 0.7 0.134028 0.0734375 0.206944 0.61

0 0.700391 0.153472 0.0648438 0.181944 0.61

0 0.699219 0.146528 0.05625 0.176389 0.51

None

None

None

0 0.682813 0.172222 0.046875 0.205556 0.51

0 0.780859 0.214583 0.0351562 0.115278 0.51

None

None

0 0.673047 0.192361 0.0601562 0.234722 0.60
0 0.780469 0.213889 0.0359375 0.119444 0.55

0 0.666016 0.166667 0.0664062 0.216667 0.67
0 0.780859 0.213889 0.0351562 0.116667 0.58

0 0.660547 0.197917 0.0773437 0.2375 0.76
0 0.78125 0.213194 0.0359375 0.115278 0.59

0 0.656641 0.204167 0.0851562 0.241667 0.81
0 0.78125 0.211806 0.0359375 0.115278 0.60

0 0.659766 0.193056 0.0773437 0.252778 0.80
0 0.78125 0.213194 0.0359375 0.115278 0.53

0 0.658594 0.195139 0.0765625 0.245833 0.78
0 0.78125 0.2125 0.0359375 0.113889 0.55

0 0.657812 0.192361 0.075 0.240278 0.76
0 0.78125 0.213194 0.0359375 0.115278 0.53

0 0.657422 0.190278 0.0710938 0.222222 0.74
0 0.78125 0.213194 0.0359375 0.115278 0.55

0 0.655469 0.183333 0.06875 0.219444 0.69

0 0.651953 0.197917 0.0648438 0.198611 0.69
0 0.780859 0.213889 0.0367187 0.113889 0.58

0 0.65 0.189583 0.0640625 0.201389 0.80
0 0.78125 0.213194 0.0359375 0.1125 0.53

0 0.646094 0.192361 0.0609375 0.209722 0.75
0 0.78125 0.213889 0.0359375 0.111111 0.57

0 0.78125 0.214583 0.034375 0.1125 0.55

0 0.78125 0.214583 0.034375 0.1125 0.51

None

None

0 0.78125 0.213889 0.034375 0.111111 0.50

None

None

None

None

None

None

None

None

None

None

0 0.583984 0.186806 0.0601562 0.206944 0.50

None

None

None

0 0.78125 0.215278 0.034375 0.111111 0.50

None

None

None

None

0 0.572656 0.167361 0.0796875 0.256944 0.69

0 0.571484 0.166667 0.0742188 0.233333 0.59

0 0.568359 0.160417 0.0757812 0.243056 0.60

0 0.565234 0.152083 0.0789063 0.273611 0.76

0 0.561328 0.154861 0.0789063 0.2625 0.73

0 0.564062 0.174306 0.071875 0.256944 0.73

0 0.561719 0.169444 0.06875 0.236111 0.69

0 0.561719 0.177778 0.0609375 0.219444 0.69

None

None

None

None

None

0 0.548437 0.175 0.0859375 0.322222 0.57

0 0.546484 0.168056 0.0882813 0.294444 0.68

0 0.54375 0.163889 0.09375 0.302778 0.73

0 0.541406 0.1625 0.103125 0.311111 0.78
2 0.660937 0.708333 0.1375 0.286111 0.52

0 0.541797 0.165972 0.103906 0.315278 0.83

0 0.542188 0.170139 0.0984375 0.315278 0.85

2 0.0808594 0.921528 0.155469 0.156944 0.93
0 0.540234 0.166667 0.0992187 0.319444 0.80

0 0.538281 0.160417 0.103125 0.320833 0.75
2 0.103125 0.902778 0.198437 0.194444 0.72

2 0.110937 0.884722 0.221875 0.230556 0.91
0 0.5375 0.161806 0.10625 0.323611 0.69

2 0.119531 0.875694 0.239063 0.248611 0.88
0 0.536719 0.159722 0.107813 0.319444 0.70
2 0.661328 0.709028 0.135156 0.284722 0.52

0 0.5375 0.159028 0.104687 0.318056 0.82
2 0.138672 0.8625 0.230469 0.275 0.80

2 0.159766 0.856944 0.257031 0.286111 0.85
0 0.538281 0.160417 0.101562 0.320833 0.84

0 0.539062 0.161806 0.096875 0.323611 0.82
2 0.201953 0.849306 0.277344 0.301389 0.78
2 0.662891 0.710417 0.133594 0.276389 0.50

0 0.5375 0.163889 0.0953125 0.327778 0.84
2 0.216016 0.831944 0.241406 0.336111 0.68
0 0.226562 0.828472 0.25625 0.343056 0.62

0 0.536719 0.166667 0.09375 0.330556 0.86
2 0.252734 0.811806 0.210156 0.376389 0.70
0 0.224609 0.817361 0.239844 0.3375 0.59

0 0.535547 0.169444 0.0960938 0.336111 0.89
2 0.21875 0.775694 0.232812 0.3375 0.59
0 0.257031 0.797917 0.226562 0.404167 0.56

0 0.533594 0.172917 0.1 0.343056 0.90
0 0.2625 0.778472 0.232812 0.431944 0.71

0 0.533984 0.174306 0.0992187 0.348611 0.91
0 0.271484 0.765278 0.225781 0.427778 0.75

0 0.534766 0.174306 0.0992187 0.345833 0.93

0 0.535937 0.174306 0.0953125 0.343056 0.93
0 0.270703 0.726389 0.266406 0.461111 0.60

0 0.535547 0.174306 0.0929687 0.343056 0.93
0 0.2625 0.706944 0.289062 0.469444 0.73

0 0.535156 0.175694 0.090625 0.340278 0.92
0 0.262891 0.691667 0.291406 0.516667 0.71

0 0.532812 0.175694 0.09375 0.343056 0.92
0 0.264062 0.688194 0.314063 0.568056 0.54

0 0.530859 0.175694 0.0976562 0.343056 0.91
0 0.277734 0.660417 0.267969 0.545833 0.52

0 0.528906 0.177778 0.101562 0.35 0.90

0 0.528125 0.178472 0.101562 0.354167 0.89
0 0.281641 0.654861 0.266406 0.601389 0.60

0 0.522656 0.179861 0.107813 0.359722 0.89
0 0.284766 0.650694 0.263281 0.629167 0.59

0 0.521094 0.18125 0.114063 0.3625 0.89

0 0.517969 0.179861 0.11875 0.359722 0.86

0 0.514844 0.178472 0.123438 0.356944 0.81

0 0.514844 0.184722 0.120312 0.369444 0.82

0 0.5125 0.188889 0.121875 0.377778 0.81

0 0.512891 0.186111 0.116406 0.372222 0.71

0 0.518359 0.198611 0.110156 0.383333 0.72
2 0.0257812 0.917361 0.0515625 0.165278 0.53

0 0.515625 0.195833 0.115625 0.391667 0.73
2 0.0257812 0.916667 0.0515625 0.166667 0.52

0 0.514063 0.199306 0.115625 0.398611 0.75

0 0.514063 0.202083 0.115625 0.404167 0.78

0 0.515234 0.204167 0.114844 0.4 0.75
0 0.291406 0.627083 0.270312 0.745833 0.51

0 0.516016 0.201389 0.116406 0.402778 0.81
0 0.296875 0.616667 0.26875 0.766667 0.54

0 0.516406 0.197917 0.1125 0.395833 0.78
0 0.298438 0.615972 0.264062 0.768056 0.64

0 0.514453 0.197917 0.113281 0.390278 0.82
0 0.302344 0.613194 0.251563 0.773611 0.73

0 0.512891 0.200694 0.111719 0.393056 0.86
0 0.308594 0.615278 0.239063 0.769444 0.71

0 0.511719 0.2 0.1125 0.386111 0.85
0 0.311328 0.613889 0.239844 0.772222 0.73

0 0.510547 0.202778 0.113281 0.388889 0.86
0 0.311328 0.619444 0.244531 0.761111 0.76

0 0.509375 0.206944 0.114063 0.4 0.85
0 0.319141 0.615278 0.238281 0.769444 0.77

0 0.509375 0.209722 0.114063 0.405556 0.87
0 0.327734 0.613889 0.224219 0.772222 0.79

0 0.509375 0.215972 0.1125 0.406944 0.89
0 0.330859 0.611111 0.214844 0.777778 0.83

0 0.508203 0.223611 0.110156 0.402778 0.85
0 0.33125 0.606944 0.204688 0.786111 0.83

0 0.332812 0.604861 0.201562 0.790278 0.83
0 0.508594 0.227083 0.109375 0.409722 0.81

0 0.333594 0.6 0.198437 0.8 0.86
0 0.508984 0.240972 0.0914062 0.376389 0.78

0 0.334766 0.601389 0.194531 0.797222 0.88
0 0.509375 0.240972 0.096875 0.3875 0.76

0 0.334375 0.6125 0.1875 0.775 0.91
0 0.509766 0.242361 0.0960938 0.395833 0.75

0 0.335938 0.609722 0.182812 0.780556 0.89
0 0.510156 0.223611 0.114063 0.441667 0.73

0 0.337109 0.609028 0.178906 0.781944 0.87
0 0.507812 0.251389 0.09375 0.380556 0.59

0 0.338672 0.606944 0.175781 0.786111 0.85

0 0.341406 0.600694 0.179688 0.798611 0.82

0 0.336719 0.570139 0.192188 0.779167 0.83

0 0.337109 0.568056 0.185156 0.763889 0.85
0 0.508203 0.252083 0.0960938 0.381944 0.51

0 0.337891 0.56875 0.183594 0.781944 0.84
0 0.508984 0.222917 0.111719 0.429167 0.60

0 0.3375 0.565278 0.18125 0.75 0.81
0 0.510156 0.223611 0.109375 0.427778 0.60

0 0.345313 0.592361 0.15 0.7625 0.79
0 0.509766 0.225694 0.107031 0.443056 0.68

0 0.344922 0.5875 0.147656 0.775 0.76
0 0.509375 0.248611 0.0984375 0.430556 0.68

0 0.339063 0.548611 0.1625 0.741667 0.83
0 0.509375 0.249306 0.096875 0.434722 0.62

0 0.339844 0.538889 0.159375 0.733333 0.84
0 0.508203 0.259722 0.0929687 0.444444 0.69

0 0.342969 0.518056 0.157813 0.688889 0.87
0 0.508984 0.254861 0.0835937 0.431944 0.76
0 0.374219 0.0916667 0.0375 0.163889 0.53

0 0.346484 0.5125 0.152344 0.683333 0.86
0 0.508203 0.2625 0.0851562 0.430556 0.70
0 0.374609 0.0916667 0.0382813 0.166667 0.57

0 0.347656 0.504861 0.146875 0.668056 0.81
0 0.508203 0.266667 0.0835937 0.433333 0.62
0 0.375391 0.0888889 0.0382813 0.163889 0.52

0 0.348437 0.501389 0.146875 0.658333 0.80

0 0.348047 0.497222 0.150781 0.666667 0.81

0 0.341016 0.472222 0.164844 0.655556 0.82

0 0.341016 0.477778 0.166406 0.661111 0.81
0 0.508594 0.261806 0.1 0.451389 0.59

0 0.342578 0.477778 0.163281 0.663889 0.82
0 0.507812 0.264583 0.1 0.431944 0.57

0 0.350781 0.480556 0.14375 0.638889 0.85
0 0.499219 0.290278 0.084375 0.372222 0.51

0 0.353906 0.478472 0.142188 0.634722 0.87

0 0.35625 0.471528 0.1375 0.640278 0.87

0 0.35625 0.463194 0.139062 0.648611 0.86

0 0.357422 0.454861 0.139844 0.640278 0.86

0 0.362891 0.449306 0.136719 0.643056 0.86

0 0.3625 0.447917 0.134375 0.623611 0.88

0 0.365625 0.434028 0.13125 0.604167 0.87

0 0.36875 0.416667 0.132812 0.580556 0.84
0 0.407422 0.388889 0.253906 0.572222 0.65

0 0.378125 0.40625 0.15625 0.604167 0.87

0 0.404687 0.376389 0.239063 0.547222 0.93

0 0.403906 0.371528 0.234375 0.545833 0.96
0 0.366797 0.0777778 0.0445312 0.138889 0.51

0 0.406641 0.36875 0.233594 0.554167 0.96
0 0.367578 0.0770833 0.0445312 0.140278 0.51

0 0.404687 0.373611 0.232812 0.569444 0.96
0 0.371875 0.0777778 0.04375 0.138889 0.61

0 0.403906 0.371528 0.234375 0.570833 0.97
0 0.373437 0.0763889 0.04375 0.138889 0.67

0 0.403516 0.375 0.227344 0.577778 0.95
0 0.374219 0.0784722 0.0453125 0.140278 0.68

0 0.402734 0.377083 0.224219 0.573611 0.94
0 0.376563 0.0791667 0.0453125 0.141667 0.64

0 0.404687 0.380556 0.21875 0.577778 0.94
0 0.381641 0.0805556 0.0460938 0.138889 0.65

0 0.405859 0.377778 0.211719 0.561111 0.95
0 0.382422 0.0798611 0.0460938 0.1375 0.67

0 0.40625 0.376389 0.20625 0.566667 0.95
0 0.382031 0.0784722 0.0453125 0.134722 0.64

0 0.410156 0.369444 0.203125 0.561111 0.96
0 0.383203 0.0736111 0.0445312 0.130556 0.56

0 0.411719 0.361806 0.196875 0.548611 0.95

0 0.410156 0.354167 0.184375 0.563889 0.94
0 0.412891 0.0638889 0.0476562 0.127778 0.52
0 0.3875 0.06875 0.046875 0.129167 0.51

0 0.4125 0.347222 0.18125 0.55 0.93
0 0.412109 0.0638889 0.0523437 0.127778 0.51

0 0.417578 0.340278 0.177344 0.544444 0.93

0 0.419922 0.334722 0.175781 0.547222 0.92
0 0.410937 0.0652778 0.05625 0.130556 0.52

0 0.419922 0.33125 0.172656 0.551389 0.93

0 0.420703 0.333333 0.171094 0.544444 0.92

0 0.423828 0.333333 0.172656 0.555556 0.93

0 0.424219 0.336806 0.167187 0.570833 0.92

0 0.425 0.334722 0.159375 0.555556 0.92

0 0.430078 0.333333 0.158594 0.541667 0.91

0 0.427344 0.335417 0.145313 0.534722 0.92

0 0.429688 0.330556 0.14375 0.522222 0.92

0 0.427734 0.323611 0.142969 0.508333 0.93

0 0.432031 0.328472 0.164062 0.531944 0.90
0 0.459375 0.0645833 0.046875 0.129167 0.59

0 0.426953 0.322222 0.157031 0.494444 0.87
0 0.459375 0.0659722 0.046875 0.131944 0.64

0 0.430469 0.324306 0.170312 0.501389 0.79
0 0.458594 0.0680556 0.0484375 0.136111 0.60

0 0.425391 0.319444 0.158594 0.494444 0.73
0 0.457812 0.0694444 0.046875 0.138889 0.60

0 0.464844 0.354167 0.260938 0.563889 0.67
0 0.457031 0.0722222 0.046875 0.144444 0.60

0 0.421484 0.320833 0.152344 0.494444 0.69
0 0.457031 0.0722222 0.046875 0.144444 0.51

0 0.41875 0.315278 0.15625 0.511111 0.66

0 0.412891 0.313889 0.152344 0.502778 0.78

0 0.410937 0.314583 0.153125 0.481944 0.81

0 0.40625 0.309028 0.157813 0.4625 0.83

0 0.398438 0.297222 0.13125 0.455556 0.83

0 0.391016 0.302083 0.132031 0.4375 0.79

0 0.388672 0.30625 0.141406 0.445833 0.73

0 0.379297 0.309028 0.144531 0.456944 0.68

0 0.373047 0.315972 0.144531 0.456944 0.73
2 0.519531 0.484028 0.167187 0.2375 0.59

0 0.367969 0.311806 0.148438 0.484722 0.79
1 0.511328 0.483333 0.164844 0.244444 0.52

0 0.367969 0.308333 0.159375 0.488889 0.66
2 0.502344 0.450694 0.260938 0.343056 0.51

0 0.358984 0.290278 0.167969 0.455556 0.64
2 0.506641 0.461806 0.242969 0.306944 0.55

0 0.360938 0.29375 0.165625 0.4625 0.60
2 0.505859 0.463194 0.244531 0.304167 0.59

0 0.358594 0.301389 0.15625 0.472222 0.68
2 0.514844 0.479167 0.179688 0.219444 0.60

0 0.353125 0.302778 0.157813 0.472222 0.73

0 0.359375 0.313889 0.171875 0.447222 0.69

0 0.366406 0.339583 0.178125 0.423611 0.59

0 0.378125 0.356944 0.160938 0.413889 0.50

0 0.416016 0.34375 0.263281 0.465278 0.58

0 0.417969 0.345139 0.273438 0.493056 0.64

0 0.417578 0.341667 0.264844 0.530556 0.70

0 0.416797 0.343056 0.258594 0.519444 0.58

0 0.416016 0.3375 0.249219 0.508333 0.66

0 0.408203 0.308333 0.222656 0.494444 0.58

0 0.407813 0.305556 0.2125 0.488889 0.67
2 0.654688 0.716667 0.1625 0.277778 0.51

0 0.407031 0.304167 0.220313 0.502778 0.71
2 0.657031 0.717361 0.151562 0.270833 0.51

0 0.408203 0.302083 0.228906 0.534722 0.73

0 0.416406 0.338194 0.278125 0.529167 0.76
2 0.657031 0.716667 0.145313 0.275 0.53

0 0.41875 0.334722 0.2875 0.516667 0.74
0 0.408594 0.0666667 0.05625 0.127778 0.51

0 0.412109 0.300694 0.246094 0.545833 0.72
0 0.403125 0.0631944 0.05 0.123611 0.54
2 0.654688 0.714583 0.157813 0.284722 0.50

0 0.407031 0.294444 0.240625 0.533333 0.68
0 0.404687 0.0618056 0.046875 0.115278 0.53

0 0.401563 0.29375 0.209375 0.495833 0.75
0 0.404297 0.0638889 0.0460938 0.116667 0.55

0 0.392188 0.295833 0.15 0.444444 0.73

0 0.392578 0.300694 0.158594 0.456944 0.76

0 0.388281 0.31875 0.148438 0.418056 0.71
2 0.656641 0.710417 0.157031 0.284722 0.53

0 0.392969 0.314583 0.176563 0.420833 0.69
2 0.655469 0.710417 0.15625 0.2875 0.57

0 0.411719 0.347222 0.24375 0.444444 0.69
2 0.655078 0.710417 0.155469 0.284722 0.56

0 0.417188 0.347917 0.259375 0.443056 0.68
2 0.655469 0.711111 0.151562 0.283333 0.62

2 0.653125 0.711111 0.159375 0.288889 0.58
0 0.417188 0.351389 0.264062 0.441667 0.51

2 0.645703 0.705556 0.175781 0.297222 0.50

0 0.421094 0.351389 0.24375 0.408333 0.74
2 0.648047 0.708333 0.169531 0.286111 0.55

0 0.426172 0.348611 0.244531 0.441667 0.79
2 0.651563 0.7125 0.165625 0.277778 0.63

0 0.428906 0.345833 0.246875 0.469444 0.80
2 0.649609 0.713889 0.172656 0.275 0.66
0 0.460156 0.0701389 0.05625 0.140278 0.51

0 0.43125 0.344444 0.232812 0.466667 0.81
2 0.647656 0.714583 0.182812 0.279167 0.62
0 0.458594 0.0680556 0.0640625 0.136111 0.60
0 0.456641 0.163889 0.113281 0.261111 0.54

0 0.428125 0.345139 0.21875 0.473611 0.80
0 0.460938 0.0666667 0.0625 0.133333 0.73
2 0.646094 0.714583 0.1875 0.279167 0.65
0 0.457812 0.163889 0.109375 0.255556 0.62

0 0.436719 0.345139 0.217187 0.479167 0.74
0 0.460938 0.0659722 0.059375 0.131944 0.72
2 0.646875 0.714583 0.19375 0.279167 0.62
0 0.454688 0.169444 0.114063 0.261111 0.62

0 0.425781 0.318056 0.171875 0.475 0.72
2 0.647266 0.713194 0.186719 0.279167 0.60
0 0.460156 0.0666667 0.05 0.133333 0.59

0 0.432813 0.339583 0.179688 0.476389 0.78
0 0.461328 0.0659722 0.0398437 0.131944 0.73
2 0.649219 0.711806 0.182812 0.279167 0.58

0 0.433984 0.336111 0.177344 0.472222 0.75
0 0.461328 0.0694444 0.0382813 0.138889 0.62
2 0.646875 0.708333 0.19375 0.294444 0.51

0 0.427344 0.345139 0.159375 0.459722 0.75
2 0.646094 0.705556 0.190625 0.297222 0.53

0 0.432422 0.325 0.174219 0.475 0.67

0 0.444922 0.339583 0.210156 0.481944 0.65
0 0.394141 0.107639 0.0695312 0.190278 0.54

0 0.395703 0.106944 0.0695312 0.188889 0.59
0 0.453125 0.339583 0.223438 0.459722 0.55

0 0.464453 0.329861 0.228906 0.454167 0.55
1 0.466797 0.340278 0.246094 0.486111 0.53
0 0.394922 0.106944 0.0695312 0.191667 0.53

0 0.4625 0.3125 0.220313 0.475 0.82

0 0.460547 0.306944 0.221094 0.5 0.83

0 0.459766 0.302083 0.230469 0.526389 0.83

0 0.460156 0.303472 0.225 0.523611 0.88

0 0.462109 0.310417 0.225781 0.520833 0.88
0 0.461328 0.0652778 0.0398437 0.130556 0.56

0 0.462891 0.335417 0.249219 0.529167 0.87

0 0.466797 0.322917 0.230469 0.509722 0.83

0 0.468359 0.320833 0.233594 0.513889 0.79

0 0.469141 0.323611 0.230469 0.502778 0.73

0 0.470313 0.31875 0.234375 0.498611 0.80

0 0.471094 0.317361 0.239063 0.490278 0.77

0 0.470313 0.314583 0.239063 0.493056 0.78

0 0.466797 0.334028 0.267969 0.5125 0.80

0 0.463672 0.3375 0.266406 0.511111 0.79

0 0.458984 0.3375 0.264844 0.505556 0.81

0 0.45625 0.339583 0.26875 0.498611 0.79

0 0.455859 0.340972 0.267969 0.4875 0.79

0 0.459766 0.342361 0.269531 0.493056 0.80

0 0.455469 0.340972 0.254687 0.490278 0.83

0 0.451172 0.341667 0.241406 0.475 0.85

0 0.450391 0.345833 0.239844 0.480556 0.83

0 0.450781 0.343056 0.232812 0.475 0.87

0 0.452344 0.341667 0.23125 0.475 0.90

0 0.459375 0.342361 0.240625 0.493056 0.92

0 0.458984 0.345139 0.235156 0.493056 0.92

0 0.459375 0.345833 0.215625 0.497222 0.87

0 0.460156 0.351389 0.203125 0.491667 0.74

0 0.462109 0.35625 0.199219 0.504167 0.67

0 0.462891 0.3625 0.194531 0.505556 0.84

0 0.465234 0.365278 0.189844 0.491667 0.79

0 0.464063 0.369444 0.184375 0.5 0.70

0 0.4625 0.371528 0.179688 0.504167 0.61

0 0.460547 0.371528 0.178906 0.498611 0.75

0 0.460547 0.373611 0.180469 0.494444 0.73

0 0.460938 0.374306 0.18125 0.498611 0.73

0 0.460938 0.375 0.18125 0.502778 0.76

0 0.461328 0.370139 0.182031 0.506944 0.80

0 0.460156 0.367361 0.185937 0.5125 0.86

0 0.459766 0.367361 0.192969 0.515278 0.86

0 0.4625 0.364583 0.2 0.5375 0.84

0 0.462891 0.361806 0.197656 0.534722 0.79

0 0.463672 0.361111 0.202344 0.538889 0.81

0 0.469531 0.364583 0.204688 0.545833 0.81

0 0.472656 0.369444 0.203125 0.536111 0.69

1 0.483594 0.379167 0.214062 0.522222 0.57

1 0.494141 0.372222 0.238281 0.533333 0.55

1 0.501172 0.375694 0.247656 0.509722 0.58

0 0.498828 0.371528 0.233594 0.5125 0.52

1 0.507031 0.375 0.2625 0.488889 0.77

0 0.504297 0.361806 0.239844 0.504167 0.63

None

None

0 0.531641 0.386111 0.247656 0.502778 0.57

0 0.537109 0.388889 0.233594 0.505556 0.50

0 0.539062 0.392361 0.226562 0.4875 0.71

0 0.544531 0.391667 0.234375 0.511111 0.77

0 0.545703 0.388194 0.233594 0.509722 0.80

0 0.554297 0.390278 0.238281 0.5 0.77

0 0.556641 0.391667 0.241406 0.494444 0.80

0 0.557813 0.402083 0.226562 0.473611 0.77

0 0.560156 0.404861 0.220313 0.473611 0.81

0 0.557422 0.395139 0.208594 0.531944 0.87

0 0.567187 0.398611 0.203125 0.519444 0.80

0 0.573438 0.3875 0.189063 0.527778 0.71

0 0.575 0.390278 0.173438 0.519444 0.52

0 0.574219 0.394444 0.164062 0.505556 0.51

0 0.569531 0.397222 0.148438 0.5 0.50

0 0.571094 0.390278 0.140625 0.527778 0.53

0 0.569922 0.395139 0.132031 0.526389 0.62

0 0.573047 0.381944 0.135156 0.569444 0.61

None

None

None

None

None

None

None

None

None

None

None

None

None

None

0 0.612109 0.598611 0.246094 0.580556 0.51

None

None

None

None

0 0.590234 0.355556 0.152344 0.494444 0.59

0 0.590234 0.35 0.149219 0.502778 0.74

0 0.594141 0.353472 0.169531 0.540278 0.85

0 0.594531 0.347917 0.179688 0.551389 0.88

0 0.594922 0.354861 0.171094 0.529167 0.90

0 0.597266 0.35625 0.171094 0.520833 0.86

0 0.597656 0.35625 0.179688 0.523611 0.85

0 0.600391 0.352778 0.186719 0.516667 0.89

0 0.603125 0.345139 0.184375 0.506944 0.91

0 0.604688 0.340972 0.184375 0.498611 0.89

0 0.604688 0.327778 0.184375 0.483333 0.84

0 0.607422 0.320833 0.177344 0.466667 0.81

0 0.607813 0.305556 0.151562 0.469444 0.72

0 0.608203 0.307639 0.160156 0.468056 0.71

0 0.628906 0.299306 0.126563 0.423611 0.76

0 0.610156 0.308333 0.171875 0.45 0.78

0 0.606641 0.309722 0.180469 0.444444 0.81

0 0.603516 0.310417 0.180469 0.434722 0.80

0 0.611719 0.298611 0.159375 0.444444 0.80

0 0.595703 0.295833 0.185156 0.469444 0.82

0 0.591406 0.301389 0.1875 0.480556 0.82

0 0.591016 0.309722 0.191406 0.486111 0.84

0 0.586719 0.325 0.21875 0.5 0.88

0 0.587891 0.329167 0.225781 0.491667 0.86

0 0.583594 0.322917 0.223438 0.501389 0.85

0 0.579687 0.329861 0.221875 0.481944 0.90

0 0.582031 0.330556 0.221875 0.483333 0.89

0 0.582812 0.332639 0.221875 0.468056 0.88

0 0.575391 0.335417 0.221094 0.476389 0.89

0 0.570703 0.335417 0.221094 0.470833 0.86

0 0.566406 0.334028 0.228125 0.493056 0.86

0 0.565625 0.33125 0.220313 0.501389 0.84

0 0.561719 0.329167 0.220313 0.494444 0.86

0 0.558203 0.327083 0.227344 0.501389 0.85

0 0.564844 0.327778 0.210938 0.494444 0.76

0 0.564062 0.328472 0.198437 0.506944 0.69

0 0.562109 0.327083 0.194531 0.504167 0.70

0 0.564453 0.320139 0.178906 0.529167 0.69

0 0.546094 0.329861 0.228125 0.526389 0.59

0 0.559766 0.334028 0.166406 0.448611 0.59

0 0.536719 0.340972 0.214062 0.548611 0.57

0 0.539062 0.359028 0.196875 0.556944 0.71

0 0.544922 0.358333 0.180469 0.561111 0.68

0 0.542969 0.36875 0.173438 0.573611 0.74

0 0.543359 0.361806 0.167969 0.5625 0.77
0 0.500391 0.160417 0.124219 0.281944 0.65

0 0.533203 0.375 0.175781 0.555556 0.81
0 0.478906 0.165278 0.126563 0.294444 0.75

0 0.527734 0.381944 0.174219 0.525 0.76

0 0.532812 0.385417 0.154687 0.526389 0.69

0 0.463672 0.0645833 0.0335938 0.129167 0.67
0 0.528906 0.385417 0.159375 0.540278 0.56

0 0.462891 0.0652778 0.0320312 0.130556 0.59

0 0.526172 0.377083 0.149219 0.543056 0.57

0 0.528125 0.377778 0.139062 0.544444 0.59

0 0.528125 0.365972 0.134375 0.5125 0.69

0 0.485938 0.352083 0.226562 0.568056 0.67

0 0.484766 0.350694 0.216406 0.548611 0.72
0 0.780859 0.216667 0.0351562 0.111111 0.52

0 0.488672 0.356944 0.191406 0.544444 0.86
0 0.780859 0.216667 0.0351562 0.111111 0.52

0 0.476562 0.353472 0.214062 0.570833 0.82
0 0.780859 0.216667 0.0351562 0.111111 0.56

0 0.480078 0.359028 0.200781 0.5875 0.74
0 0.780859 0.216667 0.0351562 0.113889 0.56

0 0.464063 0.358333 0.223438 0.625 0.68
0 0.780859 0.216667 0.0335938 0.113889 0.53

0 0.46875 0.365972 0.189063 0.568056 0.72

0 0.46875 0.373611 0.1875 0.566667 0.64

0 0.46875 0.371528 0.190625 0.581944 0.58

0 0.476172 0.361806 0.175781 0.5875 0.71

0 0.478906 0.355556 0.173438 0.580556 0.75
0 0.440625 0.163194 0.120312 0.295833 0.63

0 0.483594 0.353472 0.16875 0.579167 0.79
0 0.435547 0.164583 0.124219 0.2875 0.76

0 0.4875 0.363889 0.164062 0.561111 0.75

0 0.49375 0.370139 0.15625 0.565278 0.73

0 0.482812 0.379167 0.179688 0.583333 0.72

0 0.482422 0.375 0.185156 0.588889 0.74

0 0.484375 0.365278 0.18125 0.580556 0.70

0 0.49375 0.365278 0.165625 0.575 0.55

0 0.494141 0.363889 0.166406 0.572222 0.67

0 0.494531 0.355556 0.16875 0.561111 0.72
0 0.373828 0.440972 0.108594 0.381944 0.51

0 0.491406 0.352778 0.179688 0.569444 0.75

0 0.489062 0.35 0.184375 0.569444 0.71

0 0.49375 0.349306 0.175 0.568056 0.61

0 0.482812 0.360417 0.190625 0.559722 0.65

0 0.4625 0.365278 0.232812 0.6 0.58

0 0.463672 0.369444 0.233594 0.605556 0.63

0 0.462891 0.373611 0.235156 0.611111 0.66

0 0.462891 0.386111 0.249219 0.6 0.68

0 0.464844 0.384722 0.25625 0.613889 0.67
0 0.501562 0.0965278 0.121875 0.193056 0.52

0 0.467969 0.386806 0.265625 0.609722 0.58

0 0.438281 0.156944 0.14375 0.313889 0.73
0 0.473047 0.372222 0.261719 0.630556 0.65

0 0.415625 0.171528 0.146875 0.309722 0.76
0 0.470703 0.371528 0.258594 0.631944 0.65

0 0.464453 0.382639 0.257031 0.623611 0.63

0 0.462891 0.394444 0.249219 0.577778 0.65

0 0.459375 0.407639 0.245312 0.556944 0.71

0 0.453125 0.4125 0.240625 0.558333 0.80

0 0.451562 0.401389 0.242188 0.541667 0.84

0 0.45 0.404167 0.229687 0.525 0.88

0 0.45 0.403472 0.226562 0.543056 0.81

0 0.447266 0.390278 0.222656 0.541667 0.85

0 0.449219 0.379167 0.214062 0.536111 0.85

0 0.451172 0.379167 0.213281 0.563889 0.87

0 0.454688 0.380556 0.215625 0.563889 0.89

0 0.458594 0.384722 0.2125 0.547222 0.86

0 0.460156 0.390278 0.209375 0.527778 0.77

0 0.460547 0.390278 0.203906 0.505556 0.62
1 0.462109 0.397917 0.205469 0.493056 0.56

0 0.458203 0.391667 0.183594 0.486111 0.57
1 0.459766 0.395833 0.188281 0.480556 0.55

0 0.457812 0.394444 0.175 0.458333 0.71

0 0.452734 0.401389 0.174219 0.447222 0.79

0 0.456641 0.401389 0.178906 0.444444 0.79

0 0.461328 0.389583 0.177344 0.468056 0.85

0 0.462109 0.388889 0.178906 0.472222 0.89

0 0.461328 0.390972 0.185156 0.473611 0.78
0 0.463672 0.0701389 0.0445312 0.140278 0.53

1 0.4625 0.418056 0.184375 0.408333 0.82

1 0.471094 0.438194 0.178125 0.423611 0.83

1 0.473437 0.444444 0.176563 0.413889 0.86

1 0.478516 0.44375 0.166406 0.409722 0.76

1 0.480469 0.445139 0.167187 0.415278 0.72

1 0.482812 0.454167 0.15625 0.4 0.76

1 0.485547 0.466667 0.157031 0.4 0.82

1 0.488281 0.477083 0.157813 0.4125 0.87

1 0.491797 0.485417 0.163281 0.420833 0.85

1 0.492969 0.491667 0.170312 0.441667 0.76

1 0.491406 0.488889 0.175 0.438889 0.81

1 0.492969 0.485417 0.176563 0.420833 0.84

1 0.496875 0.485417 0.176563 0.406944 0.81

1 0.499609 0.492361 0.177344 0.359722 0.61

1 0.500781 0.491667 0.189063 0.363889 0.58

1 0.497656 0.490278 0.214062 0.411111 0.57

1 0.498828 0.488889 0.213281 0.411111 0.59

1 0.503516 0.4875 0.186719 0.358333 0.63

1 0.502734 0.479167 0.192969 0.369444 0.64

None

None

None

None

None

None

None

1 0.511719 0.486111 0.2 0.361111 0.53

None

None

None

0 0.517969 0.477083 0.204688 0.359722 0.51

None

None

None

None

None

None

None

None

None

None

None

None

None

None

None

None

None

None

None

None

None

None

None

None

None

None

None

None

None

None

None

0 0.780078 0.214583 0.0335938 0.1125 0.52

0 0.780078 0.214583 0.0335938 0.1125 0.50

1 0.547656 0.485417 0.184375 0.365278 0.53
0 0.780078 0.213889 0.0335938 0.113889 0.50

1 0.548047 0.484028 0.182031 0.365278 0.62

1 0.545313 0.484028 0.184375 0.370833 0.70

1 0.544531 0.483333 0.185937 0.383333 0.64

None

1 0.543359 0.484722 0.174219 0.372222 0.54

None

None

None

None

None

None

None

None

None

None

None

None

None

None

None

None

2 0.524609 0.498611 0.244531 0.416667 0.52

None

2 0.524219 0.533333 0.229687 0.361111 0.70

None

None

None

None

None

None

None

None

None

None

None

None

None

None

None

0 0.473437 0.613194 0.285937 0.3875 0.53

0 0.471484 0.613194 0.275781 0.390278 0.68
0 0.566406 0.616667 0.178125 0.344444 0.55

0 0.462109 0.611806 0.252344 0.379167 0.65
0 0.567969 0.625694 0.1625 0.3625 0.64

0 0.462109 0.609722 0.241406 0.375 0.70
0 0.566406 0.629167 0.167187 0.375 0.57

0 0.465234 0.609722 0.239844 0.380556 0.69
0 0.563672 0.626389 0.163281 0.363889 0.59

0 0.477344 0.605556 0.265625 0.394444 0.76

0 0.479688 0.602083 0.264062 0.3875 0.78

0 0.478906 0.6 0.260938 0.391667 0.72

0 0.482422 0.596528 0.267969 0.404167 0.66

None

None

None

None

None

None

None

None

None

None

None

None

0 0.507031 0.6 0.290625 0.405556 0.63

0 0.513281 0.599306 0.279687 0.395833 0.69

0 0.517969 0.601389 0.271875 0.408333 0.75

0 0.519141 0.602083 0.261719 0.393056 0.73

0 0.517969 0.605556 0.257812 0.366667 0.81

0 0.514063 0.607639 0.25625 0.354167 0.84

0 0.5125 0.615972 0.25 0.348611 0.84

0 0.507031 0.619444 0.253125 0.355556 0.78

0 0.502344 0.626389 0.254687 0.344444 0.70

0 0.500391 0.632639 0.252344 0.334722 0.68

0 0.492969 0.626389 0.215625 0.325 0.70

0 0.492188 0.631944 0.214062 0.325 0.74

0 0.492188 0.633333 0.2125 0.325 0.74

0 0.491797 0.636111 0.210156 0.322222 0.77

0 0.489844 0.638194 0.207813 0.323611 0.79

0 0.491406 0.631944 0.2125 0.338889 0.80

0 0.488672 0.633333 0.214844 0.355556 0.84

0 0.485156 0.634028 0.226562 0.376389 0.76

0 0.479688 0.6375 0.23125 0.375 0.74

0 0.479688 0.632639 0.24375 0.384722 0.69

0 0.475391 0.632639 0.238281 0.373611 0.72

0 0.474219 0.622222 0.242188 0.380556 0.71

0 0.471484 0.622917 0.246094 0.379167 0.58

0 0.466406 0.625694 0.25 0.384722 0.51

None

None

None

None

None

None

None

None

None

None

None

None

None

1 0.453906 0.616667 0.270312 0.425 0.58

1 0.458594 0.6125 0.265625 0.447222 0.77

1 0.462109 0.610417 0.258594 0.434722 0.67

1 0.463281 0.609028 0.257812 0.440278 0.67

1 0.4625 0.602778 0.25625 0.461111 0.78

1 0.463672 0.593056 0.250781 0.483333 0.82

1 0.464844 0.595833 0.25 0.466667 0.79

1 0.464844 0.597222 0.253125 0.469444 0.63

None

None

None

None

None

None

None

None

None

1 0.435937 0.581944 0.284375 0.402778 0.50

1 0.434766 0.585417 0.285156 0.409722 0.57

1 0.434766 0.558333 0.305469 0.480556 0.60

1 0.434375 0.588194 0.29375 0.429167 0.54

1 0.4375 0.586111 0.29375 0.452778 0.67

1 0.437891 0.547222 0.302344 0.505556 0.58

None

None

None

None

None

None

None

None

None

None

None

None

None

None

1 0.460156 0.534722 0.220313 0.391667 0.52

1 0.460156 0.533333 0.223438 0.402778 0.55

1 0.457422 0.526389 0.247656 0.441667 0.63

1 0.457422 0.528472 0.246094 0.429167 0.69

1 0.456641 0.528472 0.246094 0.426389 0.78

1 0.45625 0.526389 0.248437 0.441667 0.77

1 0.457812 0.536111 0.232812 0.402778 0.66

1 0.455469 0.529861 0.242188 0.418056 0.66

1 0.461719 0.515972 0.248437 0.4125 0.66

1 0.455078 0.521528 0.253906 0.426389 0.66

1 0.453906 0.506944 0.234375 0.402778 0.55

1 0.457422 0.509722 0.232031 0.377778 0.52

None

None

None

None

None

None

None

None

0 0.453906 0.505556 0.221875 0.355556 0.52

0 0.780078 0.215278 0.0351562 0.113889 0.50

0 0.780078 0.215278 0.0351562 0.113889 0.51
0 0.451562 0.520833 0.260938 0.413889 0.50

0 0.451562 0.520833 0.257812 0.397222 0.51
0 0.780078 0.215278 0.0351562 0.113889 0.50

None

1 0.453516 0.522917 0.250781 0.401389 0.58

1 0.457031 0.523611 0.248437 0.397222 0.65

1 0.456641 0.527778 0.249219 0.394444 0.71

1 0.459375 0.528472 0.25 0.393056 0.68

1 0.461719 0.53125 0.246875 0.381944 0.54

1 0.462891 0.531944 0.244531 0.375 0.58

1 0.463672 0.529167 0.246094 0.375 0.56

None

None

1 0.464844 0.524306 0.221875 0.365278 0.53

1 0.465625 0.527778 0.240625 0.358333 0.65
0 0.780078 0.215278 0.0351562 0.113889 0.50

1 0.470313 0.522917 0.246875 0.3625 0.78

1 0.469922 0.520139 0.241406 0.356944 0.73

1 0.4625 0.518056 0.228125 0.319444 0.60

1 0.464453 0.524306 0.216406 0.348611 0.65

1 0.4625 0.525694 0.210938 0.343056 0.72

0 0.460547 0.523611 0.214844 0.338889 0.51

None

None

1 0.460938 0.519444 0.235938 0.322222 0.59

1 0.460156 0.511806 0.246875 0.348611 0.60

1 0.464063 0.506944 0.245312 0.352778 0.62

1 0.464844 0.502083 0.253125 0.368056 0.65

1 0.464063 0.500694 0.248437 0.359722 0.69

1 0.462891 0.501389 0.244531 0.355556 0.68

1 0.460547 0.491667 0.213281 0.366667 0.62

1 0.460156 0.492361 0.21875 0.365278 0.50

None

None

None

None

1 0.455859 0.484722 0.242969 0.363889 0.53

1 0.457031 0.484028 0.245312 0.379167 0.56

1 0.459375 0.485417 0.245312 0.379167 0.57

1 0.460547 0.480556 0.249219 0.388889 0.69

1 0.460156 0.475 0.253125 0.405556 0.73

1 0.460938 0.472222 0.257812 0.416667 0.72

1 0.4625 0.477778 0.25625 0.4 0.63

1 0.463672 0.479861 0.258594 0.401389 0.55

1 0.463281 0.478472 0.260938 0.409722 0.54

1 0.464063 0.478472 0.2625 0.418056 0.53

1 0.465234 0.48125 0.260156 0.409722 0.54

1 0.469531 0.503472 0.275 0.373611 0.59

1 0.469141 0.499306 0.288281 0.404167 0.53

1 0.46875 0.508333 0.28125 0.388889 0.57

1 0.464844 0.515278 0.279687 0.377778 0.59

1 0.464844 0.523611 0.279687 0.377778 0.57

None

None

None

None

None

None

None

None

None

0 0.475781 0.496528 0.210938 0.390278 0.62

0 0.474609 0.50625 0.203906 0.390278 0.69

0 0.476953 0.490278 0.211719 0.427778 0.67

0 0.478125 0.489583 0.209375 0.429167 0.66

0 0.477734 0.486111 0.199219 0.422222 0.56

0 0.476172 0.488194 0.196094 0.415278 0.57

0 0.476953 0.485417 0.196094 0.440278 0.52

None

1 0.476562 0.484722 0.178125 0.436111 0.52

1 0.475781 0.486806 0.178125 0.4375 0.63

1 0.475391 0.486111 0.175781 0.433333 0.67

1 0.475 0.498611 0.203125 0.425 0.65

1 0.471484 0.488194 0.172656 0.429167 0.64

1 0.468359 0.486111 0.174219 0.427778 0.62

0 0.467187 0.476389 0.184375 0.447222 0.51

0 0.466016 0.471528 0.185156 0.448611 0.64

0 0.463281 0.466667 0.190625 0.452778 0.75

0 0.460156 0.465972 0.192188 0.448611 0.81

0 0.45625 0.461111 0.179688 0.438889 0.84

0 0.456641 0.461111 0.192969 0.444444 0.86

0 0.457812 0.459722 0.19375 0.452778 0.89

0 0.458594 0.461111 0.196875 0.458333 0.90

0 0.457422 0.457639 0.203906 0.4625 0.89

0 0.455078 0.453472 0.207031 0.445833 0.89

0 0.45625 0.458333 0.20625 0.461111 0.86

0 0.457031 0.457639 0.220313 0.479167 0.76

0 0.455469 0.453472 0.23125 0.484722 0.68

0 0.454297 0.451389 0.239844 0.513889 0.59

0 0.453125 0.442361 0.2375 0.531944 0.68

0 0.452344 0.434028 0.234375 0.534722 0.71

0 0.45 0.438889 0.232812 0.511111 0.62

0 0.449609 0.440972 0.228906 0.509722 0.55

None

None

None

None

None

None

1 0.489062 0.384722 0.146875 0.422222 0.54

1 0.483203 0.381944 0.152344 0.425 0.52

0 0.470313 0.382639 0.182812 0.451389 0.58

0 0.470703 0.377778 0.174219 0.438889 0.63

0 0.473828 0.376389 0.167969 0.438889 0.63

None

0 0.485156 0.370139 0.154687 0.431944 0.55
2 0.660937 0.718056 0.1375 0.247222 0.54

2 0.660156 0.718056 0.139062 0.247222 0.54

2 0.659375 0.718056 0.140625 0.25 0.53
0 0.484766 0.346528 0.163281 0.4625 0.51

0 0.484766 0.35625 0.166406 0.484722 0.59
2 0.660156 0.716667 0.135937 0.25 0.51

0 0.485547 0.358333 0.164844 0.505556 0.63
2 0.660156 0.716667 0.1375 0.252778 0.53

0 0.485547 0.355556 0.163281 0.508333 0.62
2 0.660547 0.716667 0.132031 0.25 0.56

2 0.662109 0.718056 0.133594 0.255556 0.58
0 0.486719 0.35 0.15625 0.522222 0.55

0 0.4875 0.350694 0.15625 0.529167 0.63
2 0.661719 0.71875 0.134375 0.254167 0.55

0 0.489844 0.352083 0.15625 0.545833 0.58
2 0.6625 0.719444 0.128125 0.263889 0.51

0 0.485938 0.359028 0.167187 0.559722 0.67
0 0.4625 0.0743056 0.040625 0.148611 0.50

0 0.481641 0.3625 0.178906 0.569444 0.70
2 0.660937 0.717361 0.134375 0.2625 0.50

0 0.477344 0.367361 0.185937 0.579167 0.72
2 0.660937 0.719444 0.132812 0.258333 0.53
0 0.780469 0.216667 0.034375 0.113889 0.52

0 0.481641 0.368056 0.177344 0.572222 0.69
2 0.659375 0.71875 0.140625 0.259722 0.53
0 0.780469 0.216667 0.034375 0.113889 0.52

0 0.473828 0.35625 0.203906 0.595833 0.64
0 0.780469 0.216667 0.034375 0.113889 0.53
2 0.659375 0.7125 0.135937 0.222222 0.51

0 0.473047 0.360417 0.208594 0.604167 0.61
0 0.780469 0.216667 0.034375 0.113889 0.56
2 0.658203 0.717361 0.146094 0.254167 0.52

0 0.472656 0.372917 0.207813 0.584722 0.65
0 0.780469 0.216667 0.034375 0.113889 0.52
2 0.658203 0.716667 0.144531 0.255556 0.51

0 0.482031 0.373611 0.184375 0.563889 0.70
0 0.780469 0.215972 0.034375 0.115278 0.54
2 0.658594 0.718056 0.145313 0.252778 0.53

0 0.478125 0.363889 0.207813 0.563889 0.61
0 0.780469 0.215972 0.034375 0.115278 0.54
2 0.658203 0.71875 0.147656 0.251389 0.52

0 0.478125 0.365278 0.20625 0.552778 0.64
0 0.780469 0.215972 0.034375 0.1125 0.52

0 0.478906 0.367361 0.207813 0.556944 0.77
0 0.780078 0.215278 0.0351562 0.113889 0.51
2 0.658984 0.719444 0.147656 0.244444 0.50

0 0.483984 0.367361 0.208594 0.556944 0.75
0 0.780078 0.215278 0.0351562 0.113889 0.52

0 0.481641 0.371528 0.208594 0.556944 0.81
0 0.780078 0.214583 0.0351562 0.115278 0.52

0 0.483203 0.366667 0.199219 0.544444 0.85
0 0.780078 0.214583 0.0351562 0.115278 0.50

0 0.485156 0.363194 0.20625 0.584722 0.81
0 0.780469 0.214583 0.034375 0.115278 0.52

0 0.487891 0.355556 0.210156 0.591667 0.79
0 0.780469 0.213889 0.034375 0.113889 0.54

0 0.486719 0.371528 0.220313 0.609722 0.67
0 0.780859 0.213889 0.0335938 0.113889 0.54

0 0.491016 0.365972 0.227344 0.620833 0.66
0 0.437109 0.170139 0.0789063 0.265278 0.57
0 0.780859 0.213889 0.0335938 0.113889 0.53

0 0.489844 0.375 0.23125 0.627778 0.69
0 0.435547 0.175 0.0773437 0.263889 0.65
0 0.780859 0.213889 0.0335938 0.113889 0.54

0 0.435156 0.177083 0.075 0.268056 0.75
0 0.78125 0.213889 0.034375 0.113889 0.55

0 0.438672 0.173611 0.0757812 0.258333 0.76
0 0.780859 0.214583 0.0335938 0.1125 0.55

0 0.439453 0.170139 0.0742188 0.245833 0.65
0 0.780859 0.214583 0.0335938 0.1125 0.54

0 0.780859 0.214583 0.0335938 0.1125 0.55

0 0.780859 0.214583 0.0335938 0.1125 0.58

0 0.780859 0.215278 0.0320312 0.111111 0.59

0 0.780859 0.214583 0.0320312 0.1125 0.64

0 0.780859 0.214583 0.0320312 0.109722 0.65

0 0.780469 0.215278 0.0328125 0.111111 0.57

0 0.780469 0.214583 0.0328125 0.1125 0.52

0 0.780469 0.214583 0.0328125 0.1125 0.53

0 0.780469 0.214583 0.0328125 0.1125 0.53

0 0.780469 0.214583 0.0328125 0.1125 0.53
0 0.502344 0.448611 0.234375 0.619444 0.52

0 0.780859 0.213889 0.0320312 0.111111 0.55
0 0.501953 0.454167 0.233594 0.622222 0.52

0 0.780859 0.213889 0.0320312 0.111111 0.55
0 0.501953 0.454167 0.239844 0.636111 0.51

0 0.780859 0.214583 0.0335938 0.1125 0.55
0 0.501953 0.459028 0.241406 0.6375 0.54

0 0.502344 0.461806 0.242188 0.651389 0.59
0 0.780859 0.215278 0.0335938 0.113889 0.55

0 0.505469 0.465278 0.242188 0.652778 0.60
0 0.780859 0.214583 0.0335938 0.1125 0.55

0 0.508203 0.463194 0.239844 0.690278 0.74
0 0.780859 0.213889 0.0335938 0.113889 0.55

0 0.511719 0.45625 0.253125 0.693056 0.62
0 0.780469 0.213889 0.0328125 0.113889 0.54

0 0.510156 0.455556 0.246875 0.688889 0.72
0 0.780469 0.213889 0.0328125 0.113889 0.52

0 0.509375 0.461111 0.2375 0.663889 0.84
0 0.780469 0.213889 0.0328125 0.113889 0.51

0 0.512109 0.465972 0.241406 0.681944 0.85
0 0.780469 0.214583 0.034375 0.115278 0.52

0 0.515625 0.469444 0.242188 0.7 0.82
0 0.780469 0.214583 0.034375 0.1125 0.52

0 0.525391 0.463194 0.249219 0.734722 0.77

0 0.529688 0.458333 0.25 0.736111 0.75

0 0.535547 0.45625 0.250781 0.7375 0.66

0 0.536719 0.456944 0.257812 0.725 0.59

0 0.535937 0.455556 0.251563 0.716667 0.54

None

None

None

None

None

None

None

None

None

None

None

None

None

None

None

None

None

None

None

None

None

0 0.483203 0.0854167 0.155469 0.170833 0.52

0 0.593359 0.702083 0.289844 0.595833 0.63
0 0.483984 0.0854167 0.153906 0.170833 0.54

0 0.596484 0.684722 0.285156 0.630556 0.64
0 0.486328 0.0854167 0.157031 0.170833 0.51

None

0 0.488281 0.0854167 0.164062 0.170833 0.50

None

None

None

None

None

None

None

None

None

None

None

None

None

None

None

0 0.706641 0.161111 0.0726563 0.322222 0.53

0 0.70625 0.164583 0.071875 0.323611 0.60

0 0.722656 0.622222 0.304688 0.755556 0.52

0 0.725391 0.621528 0.319531 0.756944 0.62

0 0.728516 0.622222 0.328906 0.755556 0.63

0 0.725781 0.625 0.329688 0.75 0.68

0 0.722656 0.629167 0.339063 0.727778 0.70

0 0.721094 0.620833 0.323438 0.672222 0.74

0 0.726562 0.625 0.309375 0.677778 0.72

