0 0.340234 0.448611 0.0976562 0.5 0.86
0 0.510547 0.472222 0.0976562 0.511111 0.63
0 0.519922 0.25625 0.0648438 0.148611 0.51

0 0.340625 0.45 0.096875 0.5 0.86
0 0.510547 0.474306 0.0976562 0.509722 0.60

0 0.340625 0.45 0.096875 0.5 0.86
0 0.510547 0.476389 0.0945313 0.511111 0.60

0 0.340625 0.449306 0.096875 0.501389 0.86
0 0.510547 0.476389 0.0945313 0.511111 0.66

0 0.340234 0.450694 0.0976562 0.501389 0.87
0 0.510938 0.473611 0.0953125 0.513889 0.68

0 0.340625 0.45 0.096875 0.5 0.87
0 0.511328 0.469444 0.0945313 0.513889 0.70

0 0.340234 0.45 0.0976562 0.5 0.87
0 0.512891 0.450694 0.0882813 0.5125 0.72

0 0.340234 0.45 0.0976562 0.5 0.87
0 0.514063 0.452083 0.090625 0.5125 0.75

0 0.340625 0.45 0.096875 0.5 0.87
0 0.515234 0.45 0.0914062 0.511111 0.78

0 0.340625 0.45 0.0984375 0.5 0.87
0 0.515625 0.450694 0.090625 0.509722 0.79

0 0.340234 0.450694 0.0976562 0.498611 0.87
0 0.515625 0.449306 0.0890625 0.5125 0.82

0 0.340234 0.45 0.0976562 0.5 0.87
0 0.514844 0.447917 0.0890625 0.5125 0.84

0 0.340234 0.45 0.0992187 0.5 0.87
0 0.513672 0.447917 0.0867188 0.501389 0.82

0 0.340234 0.45 0.0992187 0.5 0.87
0 0.513281 0.446528 0.0859375 0.498611 0.83

0 0.339844 0.45 0.1 0.5 0.87
0 0.512891 0.448611 0.0851562 0.497222 0.82

0 0.339844 0.449306 0.0984375 0.498611 0.87
0 0.5125 0.45 0.084375 0.491667 0.78

0 0.339063 0.45 0.1 0.5 0.87
0 0.511328 0.454167 0.0835937 0.486111 0.73

0 0.339453 0.449306 0.0992187 0.498611 0.87
0 0.510156 0.456944 0.0828125 0.480556 0.65

0 0.339453 0.45 0.0992187 0.5 0.88
0 0.508594 0.470833 0.0828125 0.486111 0.64

0 0.339063 0.45 0.1 0.497222 0.88
0 0.507812 0.472917 0.08125 0.481944 0.61

0 0.338672 0.450694 0.0992187 0.498611 0.88
0 0.507812 0.472222 0.08125 0.480556 0.63

0 0.339063 0.449306 0.1 0.501389 0.88
0 0.507422 0.470139 0.0820312 0.481944 0.64

0 0.338672 0.449306 0.100781 0.501389 0.87
0 0.507422 0.470833 0.0820312 0.480556 0.66

0 0.338281 0.449306 0.101562 0.501389 0.87
0 0.507422 0.470139 0.0820312 0.484722 0.67

0 0.338672 0.449306 0.100781 0.501389 0.87
0 0.507422 0.472917 0.0820312 0.479167 0.67

0 0.338281 0.45 0.101562 0.502778 0.87
0 0.507812 0.471528 0.08125 0.479167 0.68

0 0.338281 0.448611 0.103125 0.502778 0.88
0 0.507422 0.471528 0.0820312 0.476389 0.69

0 0.338672 0.448611 0.102344 0.502778 0.87
0 0.507812 0.470139 0.0828125 0.479167 0.69

0 0.338672 0.448611 0.102344 0.502778 0.88
0 0.507422 0.471528 0.0820312 0.476389 0.70

0 0.338672 0.449306 0.102344 0.501389 0.88
0 0.508594 0.456944 0.08125 0.477778 0.69

0 0.338672 0.444444 0.102344 0.505556 0.88
0 0.511328 0.454167 0.0851562 0.477778 0.72
0 0.780469 0.213889 0.0359375 0.111111 0.51

0 0.338672 0.445139 0.102344 0.504167 0.88
0 0.509766 0.445139 0.0804688 0.4875 0.69

0 0.338672 0.444444 0.103906 0.508333 0.88
0 0.512109 0.456944 0.0835937 0.477778 0.61

0 0.338281 0.444444 0.103125 0.508333 0.88
0 0.509766 0.448611 0.0804688 0.477778 0.62

0 0.337891 0.44375 0.102344 0.506944 0.89
0 0.507812 0.464583 0.0796875 0.481944 0.62
0 0.780469 0.213889 0.0359375 0.111111 0.50

0 0.337891 0.439583 0.102344 0.5125 0.89
0 0.507812 0.463194 0.0796875 0.484722 0.60

0 0.338281 0.440972 0.103125 0.509722 0.88
0 0.509766 0.445833 0.0773437 0.483333 0.61

0 0.339453 0.444444 0.105469 0.513889 0.87
0 0.509766 0.442361 0.0773437 0.490278 0.69

0 0.341406 0.445833 0.107813 0.519444 0.86
0 0.509766 0.445833 0.0757812 0.491667 0.67
0 0.780469 0.214583 0.0359375 0.1125 0.52

0 0.342578 0.452083 0.116406 0.520833 0.83
0 0.507812 0.459722 0.0796875 0.491667 0.59

0 0.342969 0.45625 0.11875 0.531944 0.84
0 0.508984 0.449306 0.0773437 0.490278 0.65

0 0.341016 0.455556 0.117969 0.538889 0.87
0 0.508984 0.442361 0.0789063 0.493056 0.73

0 0.338672 0.463194 0.114844 0.545833 0.89
0 0.508594 0.443056 0.0796875 0.494444 0.70

0 0.340625 0.467361 0.11875 0.543056 0.88
0 0.508203 0.44375 0.0835937 0.495833 0.72

0 0.339453 0.475 0.117969 0.55 0.88
0 0.507812 0.438889 0.0828125 0.505556 0.75

0 0.336719 0.481944 0.117188 0.555556 0.89
0 0.507422 0.436111 0.0835937 0.513889 0.81

0 0.332422 0.479861 0.108594 0.548611 0.90
0 0.508203 0.438889 0.0835937 0.516667 0.78

0 0.330859 0.484722 0.107031 0.547222 0.89
0 0.508594 0.444444 0.084375 0.516667 0.69

0 0.330469 0.484722 0.107813 0.547222 0.89
0 0.507422 0.445833 0.0867188 0.516667 0.70

0 0.331641 0.485417 0.111719 0.548611 0.89
0 0.507031 0.450694 0.0875 0.515278 0.67

0 0.332031 0.488194 0.117188 0.543056 0.89
0 0.50625 0.453472 0.0875 0.5125 0.70
0 0.508984 0.266667 0.0679687 0.169444 0.52

0 0.332812 0.489583 0.120312 0.5375 0.88
0 0.50625 0.454861 0.0875 0.509722 0.66
0 0.510938 0.266667 0.0671875 0.166667 0.51

0 0.33125 0.495833 0.123438 0.525 0.89
0 0.507031 0.457639 0.0890625 0.501389 0.71
0 0.514453 0.256944 0.0695312 0.169444 0.52

0 0.330469 0.500694 0.126563 0.515278 0.88
0 0.507812 0.456944 0.090625 0.497222 0.70
0 0.517578 0.2625 0.0679687 0.177778 0.56

0 0.328516 0.504861 0.128906 0.509722 0.87
0 0.508594 0.458333 0.090625 0.497222 0.68
0 0.517969 0.263889 0.06875 0.177778 0.59

0 0.326172 0.505556 0.127344 0.519444 0.87
0 0.508984 0.458333 0.0914062 0.497222 0.71
0 0.519531 0.264583 0.0703125 0.179167 0.56

0 0.326562 0.508333 0.132812 0.516667 0.87
0 0.509375 0.45625 0.09375 0.493056 0.75
0 0.519922 0.265278 0.0695312 0.177778 0.50

0 0.326172 0.511806 0.132031 0.515278 0.87
0 0.509375 0.45625 0.0921875 0.495833 0.76

0 0.328516 0.509028 0.133594 0.495833 0.87
0 0.509375 0.454861 0.0921875 0.495833 0.74

0 0.328125 0.511111 0.134375 0.491667 0.88
0 0.510156 0.45 0.0921875 0.502778 0.76

0 0.329688 0.509028 0.1375 0.4875 0.87
0 0.510938 0.452083 0.0921875 0.509722 0.69

0 0.329297 0.509028 0.138281 0.484722 0.88
0 0.511719 0.465972 0.096875 0.504167 0.69

0 0.328906 0.513889 0.140625 0.480556 0.89
0 0.512109 0.465278 0.0976562 0.502778 0.69

0 0.329297 0.516667 0.142969 0.480556 0.89
0 0.5125 0.465278 0.0984375 0.505556 0.65

0 0.330469 0.51875 0.146875 0.481944 0.89
0 0.513281 0.448611 0.096875 0.508333 0.63

0 0.330469 0.522917 0.148438 0.484722 0.88
0 0.512891 0.447917 0.0960938 0.509722 0.62

0 0.330469 0.527083 0.151562 0.484722 0.88
0 0.512891 0.448611 0.0960938 0.508333 0.61

0 0.330859 0.528472 0.152344 0.484722 0.87
0 0.5125 0.446528 0.0953125 0.506944 0.61

0 0.33125 0.527778 0.153125 0.483333 0.88
0 0.512109 0.449306 0.0945313 0.501389 0.61

0 0.331641 0.530556 0.153906 0.488889 0.87
0 0.5125 0.450694 0.0953125 0.501389 0.65

0 0.332031 0.53125 0.154687 0.4875 0.87
0 0.5125 0.45 0.0953125 0.5 0.65

0 0.330469 0.540278 0.148438 0.486111 0.87
0 0.511328 0.471528 0.0945313 0.506944 0.61

0 0.330859 0.540972 0.150781 0.4875 0.87
0 0.511719 0.472222 0.0953125 0.505556 0.64

0 0.330859 0.540278 0.150781 0.486111 0.87
0 0.511719 0.471528 0.0953125 0.506944 0.64

0 0.330469 0.541667 0.151562 0.488889 0.88
0 0.511719 0.472222 0.0953125 0.508333 0.63

0 0.33125 0.541667 0.151562 0.486111 0.87
0 0.513281 0.452778 0.096875 0.502778 0.61

0 0.330469 0.540972 0.151562 0.4875 0.88
0 0.513672 0.452083 0.0960938 0.504167 0.61

0 0.330469 0.540278 0.151562 0.486111 0.88
0 0.5125 0.471528 0.0953125 0.5125 0.56

0 0.333203 0.530556 0.161719 0.488889 0.88
0 0.513281 0.447917 0.0953125 0.509722 0.60

0 0.332422 0.529167 0.160156 0.488889 0.89
0 0.513281 0.445833 0.0953125 0.505556 0.64

0 0.331641 0.525 0.160156 0.491667 0.89
0 0.512891 0.440972 0.0945313 0.501389 0.66

0 0.328125 0.525694 0.153125 0.498611 0.89

0 0.329688 0.51875 0.160938 0.493056 0.91

0 0.328516 0.513889 0.150781 0.494444 0.91

0 0.327734 0.507639 0.141406 0.506944 0.90

0 0.328125 0.501389 0.132812 0.519444 0.91
0 0.511328 0.471528 0.0960938 0.520833 0.64

0 0.328516 0.497222 0.127344 0.541667 0.91
0 0.509766 0.460417 0.0945313 0.515278 0.67

0 0.326953 0.5 0.121094 0.558333 0.92
0 0.509766 0.453472 0.0929687 0.523611 0.57
0 0.515234 0.255556 0.0742188 0.169444 0.52

0 0.328516 0.492361 0.119531 0.565278 0.92
0 0.510547 0.447917 0.0898438 0.534722 0.56

0 0.33125 0.4875 0.125 0.558333 0.91
0 0.509766 0.465278 0.0945313 0.527778 0.57
0 0.518359 0.255556 0.0710938 0.166667 0.53

0 0.333984 0.489583 0.132031 0.568056 0.86
0 0.516797 0.255556 0.0710938 0.169444 0.52
0 0.510156 0.468056 0.0921875 0.519444 0.52

0 0.341016 0.510417 0.141406 0.520833 0.81

0 0.343359 0.509028 0.146094 0.531944 0.75

0 0.345313 0.506944 0.15 0.527778 0.75

0 0.344531 0.508333 0.151562 0.505556 0.76

0 0.346094 0.50625 0.146875 0.479167 0.75

0 0.330859 0.507639 0.138281 0.5375 0.78

0 0.322656 0.5 0.125 0.552778 0.85

0 0.319922 0.493056 0.111719 0.55 0.87
0 0.508984 0.449306 0.0898438 0.515278 0.63

0 0.323828 0.488194 0.114844 0.540278 0.87
0 0.508594 0.45 0.0890625 0.5 0.74

0 0.328516 0.4875 0.121094 0.547222 0.86
0 0.508984 0.448611 0.0867188 0.508333 0.66

0 0.327344 0.48125 0.120312 0.565278 0.87
0 0.507812 0.454167 0.0890625 0.527778 0.67

0 0.325781 0.474306 0.120312 0.570833 0.89
0 0.507422 0.470833 0.0976562 0.511111 0.75

0 0.328125 0.465972 0.123438 0.559722 0.89
0 0.50625 0.470833 0.101562 0.497222 0.75

0 0.329297 0.46875 0.119531 0.545833 0.88
0 0.509375 0.454861 0.09375 0.523611 0.79

0 0.328906 0.466667 0.117188 0.536111 0.88
0 0.507812 0.472917 0.1 0.495833 0.83

0 0.328125 0.461111 0.115625 0.525 0.88
0 0.5125 0.452778 0.090625 0.519444 0.84

0 0.326172 0.458333 0.113281 0.525 0.89
0 0.513281 0.451389 0.0921875 0.513889 0.85

0 0.324609 0.461806 0.110156 0.526389 0.89
0 0.515234 0.445139 0.0945313 0.520833 0.88

0 0.517187 0.442361 0.0953125 0.520833 0.90
0 0.325 0.461806 0.109375 0.531944 0.89

0 0.519141 0.440278 0.0945313 0.516667 0.90
0 0.325 0.463194 0.109375 0.531944 0.89

0 0.325781 0.463889 0.110937 0.527778 0.89
0 0.519922 0.443056 0.0945313 0.508333 0.88

0 0.326953 0.456944 0.110156 0.522222 0.89
0 0.519922 0.44375 0.0929687 0.498611 0.87

0 0.328125 0.452083 0.10625 0.501389 0.88
0 0.520703 0.443056 0.0914062 0.497222 0.87

0 0.329688 0.44375 0.10625 0.484722 0.87
0 0.521094 0.448611 0.090625 0.491667 0.85

0 0.329688 0.443056 0.10625 0.483333 0.87
0 0.521484 0.454167 0.0898438 0.491667 0.85

0 0.332031 0.438194 0.104687 0.493056 0.87
0 0.521484 0.456944 0.0882813 0.494444 0.84

0 0.332422 0.428472 0.113281 0.5125 0.88
0 0.521484 0.454167 0.0898438 0.491667 0.85

0 0.334766 0.425694 0.111719 0.520833 0.88
0 0.521875 0.452778 0.0890625 0.486111 0.84
0 0.523438 0.257639 0.0625 0.159722 0.50

0 0.336719 0.420833 0.110937 0.527778 0.87
0 0.521484 0.453472 0.0898438 0.484722 0.84
0 0.523438 0.257639 0.0625 0.159722 0.51

0 0.339453 0.417361 0.113281 0.526389 0.87
0 0.522266 0.452778 0.0898438 0.488889 0.87

0 0.522656 0.452778 0.0921875 0.488889 0.88
0 0.341406 0.417361 0.114063 0.526389 0.85

0 0.523047 0.453472 0.0882813 0.484722 0.87
0 0.344531 0.416667 0.114063 0.533333 0.78

0 0.524609 0.456944 0.0882813 0.480556 0.84
0 0.349609 0.408333 0.114844 0.525 0.77

0 0.351562 0.407639 0.114063 0.523611 0.82
0 0.525 0.457639 0.0859375 0.481944 0.77

0 0.355469 0.405556 0.114063 0.516667 0.86
0 0.527344 0.460417 0.084375 0.473611 0.67

0 0.358203 0.406944 0.119531 0.519444 0.86
0 0.528516 0.461111 0.0835937 0.469444 0.54

0 0.360156 0.406944 0.123438 0.525 0.86

0 0.359766 0.404861 0.121094 0.526389 0.87

0 0.359766 0.402778 0.113281 0.516667 0.88
0 0.528516 0.454167 0.0835937 0.477778 0.62

0 0.361328 0.401389 0.110156 0.513889 0.89
0 0.527734 0.45 0.0867188 0.477778 0.70
0 0.530078 0.248611 0.0648438 0.163889 0.51

0 0.361719 0.400694 0.109375 0.520833 0.89
0 0.526563 0.447917 0.0875 0.473611 0.75
0 0.529688 0.247917 0.065625 0.165278 0.55

0 0.363281 0.403472 0.109375 0.526389 0.89
0 0.526172 0.442361 0.0898438 0.479167 0.72
0 0.530078 0.247222 0.0664062 0.166667 0.55

0 0.367969 0.4 0.107813 0.527778 0.89
0 0.525781 0.44375 0.0921875 0.484722 0.68

0 0.372266 0.398611 0.103906 0.525 0.90
0 0.525 0.442361 0.09375 0.481944 0.67

0 0.375781 0.397222 0.103125 0.527778 0.90
0 0.524609 0.440972 0.0929687 0.479167 0.60

0 0.378906 0.391667 0.103125 0.527778 0.90
0 0.527734 0.431944 0.0992187 0.469444 0.54

0 0.38125 0.390972 0.101562 0.523611 0.90

0 0.383594 0.3875 0.1 0.522222 0.90
0 0.529688 0.430556 0.0984375 0.458333 0.51

0 0.385156 0.3875 0.1 0.519444 0.90
0 0.530859 0.436111 0.0898438 0.469444 0.58

0 0.387109 0.379861 0.0992187 0.509722 0.89
0 0.534375 0.434028 0.0859375 0.473611 0.65

0 0.387891 0.370833 0.100781 0.491667 0.92
0 0.536719 0.434028 0.084375 0.476389 0.67

0 0.389844 0.365972 0.0953125 0.476389 0.93
0 0.538281 0.436806 0.0828125 0.473611 0.57

0 0.392578 0.365972 0.0960938 0.476389 0.93
0 0.539844 0.436111 0.0859375 0.475 0.60

0 0.396484 0.368056 0.0992187 0.469444 0.92
0 0.540234 0.423611 0.0960938 0.511111 0.52

0 0.399609 0.370833 0.103906 0.469444 0.90

0 0.399609 0.372222 0.103906 0.469444 0.89
0 0.780469 0.213889 0.0359375 0.111111 0.50

0 0.401953 0.372222 0.105469 0.469444 0.88
0 0.780469 0.213889 0.0359375 0.111111 0.51

0 0.402344 0.373611 0.101562 0.469444 0.88

0 0.399609 0.376389 0.0945313 0.45 0.88

0 0.399219 0.374306 0.090625 0.443056 0.87

0 0.404687 0.386806 0.0875 0.434722 0.86

0 0.410937 0.389583 0.104687 0.434722 0.87

0 0.412109 0.388889 0.121094 0.441667 0.84

0 0.410156 0.390278 0.11875 0.430556 0.85

0 0.407813 0.390972 0.11875 0.448611 0.85

0 0.409766 0.380556 0.110156 0.463889 0.87
0 0.552344 0.439583 0.0828125 0.468056 0.56

0 0.402734 0.383333 0.110156 0.444444 0.87
0 0.550781 0.429167 0.090625 0.469444 0.66

0 0.398438 0.382639 0.109375 0.448611 0.89
0 0.551953 0.429167 0.0851562 0.486111 0.70

0 0.39375 0.381944 0.103125 0.452778 0.91
0 0.551953 0.428472 0.0851562 0.493056 0.71

0 0.390234 0.38125 0.100781 0.459722 0.91
0 0.551172 0.43125 0.0882813 0.4875 0.76

0 0.389062 0.382639 0.1 0.4625 0.90
0 0.551172 0.433333 0.0898438 0.483333 0.77

0 0.391406 0.380556 0.0984375 0.491667 0.90
0 0.549219 0.430556 0.096875 0.488889 0.78

0 0.390234 0.38125 0.100781 0.495833 0.90
0 0.552344 0.434722 0.0921875 0.480556 0.80

0 0.390234 0.379167 0.100781 0.494444 0.90
0 0.551562 0.435417 0.0921875 0.481944 0.79

0 0.390625 0.379167 0.103125 0.5 0.90
0 0.552734 0.432639 0.0929687 0.481944 0.78

0 0.390234 0.386806 0.105469 0.490278 0.89
0 0.553516 0.434028 0.0914062 0.479167 0.77

0 0.391016 0.392361 0.105469 0.501389 0.89
0 0.555469 0.436111 0.0890625 0.477778 0.77

0 0.393359 0.393056 0.107031 0.5 0.88
0 0.557813 0.442361 0.0875 0.470833 0.72

0 0.394531 0.393056 0.107813 0.486111 0.87
0 0.559766 0.445139 0.0882813 0.465278 0.67

0 0.395312 0.386806 0.110937 0.498611 0.88
0 0.560547 0.445833 0.0867188 0.461111 0.65

0 0.397266 0.388194 0.111719 0.4875 0.87
0 0.562109 0.444444 0.0851562 0.461111 0.61

0 0.396875 0.386111 0.10625 0.483333 0.88
0 0.563281 0.44375 0.0859375 0.4625 0.68

0 0.398438 0.385417 0.104687 0.481944 0.85
0 0.564062 0.440972 0.0875 0.470833 0.73

0 0.400781 0.389583 0.1125 0.431944 0.83
0 0.564062 0.441667 0.0875 0.472222 0.77

0 0.401563 0.390972 0.109375 0.434722 0.84
0 0.563672 0.441667 0.0898438 0.472222 0.80

0 0.401172 0.392361 0.107031 0.434722 0.84
0 0.563281 0.440278 0.090625 0.477778 0.82

0 0.400781 0.396528 0.10625 0.440278 0.85
0 0.562891 0.441667 0.0929687 0.477778 0.83

0 0.399219 0.395139 0.101562 0.440278 0.82
0 0.563281 0.44375 0.09375 0.479167 0.80

0 0.397656 0.390972 0.1 0.443056 0.86
0 0.562891 0.440278 0.0914062 0.480556 0.79

0 0.397266 0.390278 0.0976562 0.444444 0.87
0 0.564062 0.436111 0.090625 0.480556 0.83

0 0.400781 0.390972 0.101562 0.440278 0.85
0 0.564062 0.438889 0.09375 0.480556 0.81

0 0.400391 0.388194 0.100781 0.443056 0.85
0 0.562891 0.442361 0.0929687 0.470833 0.84

0 0.399609 0.383333 0.100781 0.452778 0.87
0 0.562109 0.443056 0.0945313 0.472222 0.85
0 0.567578 0.251389 0.0664062 0.155556 0.50

0 0.399219 0.381944 0.101562 0.458333 0.87
0 0.561328 0.440972 0.0960938 0.468056 0.83
0 0.567187 0.251389 0.0671875 0.155556 0.58

0 0.398828 0.380556 0.102344 0.461111 0.88
0 0.560156 0.444444 0.096875 0.466667 0.82
0 0.567187 0.252778 0.0671875 0.155556 0.62

0 0.397656 0.379167 0.101562 0.469444 0.88
0 0.559375 0.443056 0.0953125 0.466667 0.84
0 0.567969 0.252778 0.0671875 0.155556 0.63
0 0.780469 0.215278 0.034375 0.111111 0.50

0 0.397266 0.376389 0.103906 0.486111 0.89
0 0.558594 0.438889 0.0953125 0.466667 0.84
0 0.567578 0.252778 0.0679687 0.155556 0.62

0 0.396875 0.372222 0.103125 0.483333 0.89
0 0.557813 0.440278 0.1 0.463889 0.82
0 0.567969 0.252778 0.06875 0.155556 0.64

0 0.397266 0.369444 0.103906 0.483333 0.88
0 0.557031 0.4375 0.101562 0.463889 0.80
0 0.567969 0.254167 0.06875 0.155556 0.59
0 0.780469 0.215278 0.034375 0.111111 0.51

0 0.397266 0.365278 0.105469 0.483333 0.88
0 0.55625 0.438194 0.103125 0.4625 0.80
0 0.567969 0.254167 0.06875 0.155556 0.56
0 0.780469 0.215278 0.034375 0.111111 0.52

0 0.395703 0.366667 0.107031 0.486111 0.88
0 0.555078 0.438194 0.102344 0.465278 0.80
0 0.780078 0.215278 0.0351562 0.111111 0.51

0 0.394141 0.370139 0.105469 0.476389 0.89
0 0.554297 0.438194 0.102344 0.465278 0.80
0 0.780078 0.215278 0.0351562 0.111111 0.50

0 0.392578 0.370833 0.108594 0.477778 0.91
0 0.552734 0.436806 0.102344 0.465278 0.79

0 0.391797 0.371528 0.110156 0.476389 0.91
0 0.551562 0.4375 0.103125 0.463889 0.77

0 0.391406 0.369444 0.110937 0.472222 0.90
0 0.550391 0.439583 0.102344 0.4625 0.75

0 0.390234 0.371528 0.111719 0.473611 0.90
0 0.549219 0.440972 0.1 0.454167 0.69
0 0.780469 0.215278 0.034375 0.111111 0.50

0 0.388672 0.372222 0.111719 0.469444 0.90
0 0.548047 0.433333 0.102344 0.461111 0.61
0 0.780469 0.215278 0.034375 0.111111 0.52

0 0.388672 0.386806 0.108594 0.515278 0.91
0 0.547656 0.429861 0.103125 0.459722 0.59
0 0.780469 0.215278 0.034375 0.111111 0.53

0 0.385938 0.390278 0.109375 0.511111 0.91
0 0.548047 0.429167 0.103906 0.455556 0.65
0 0.780469 0.215278 0.034375 0.111111 0.53

0 0.382812 0.395833 0.107813 0.475 0.90
0 0.547656 0.427778 0.101562 0.458333 0.63
0 0.780469 0.214583 0.034375 0.1125 0.54

0 0.381641 0.402778 0.110156 0.477778 0.91
0 0.548047 0.425 0.102344 0.466667 0.53

0 0.380859 0.400694 0.111719 0.473611 0.91

0 0.379687 0.395833 0.1125 0.461111 0.90

0 0.375781 0.406944 0.120312 0.502778 0.91

0 0.375391 0.4125 0.119531 0.480556 0.92

0 0.373437 0.417361 0.11875 0.484722 0.92
0 0.780469 0.214583 0.0359375 0.1125 0.51

0 0.371875 0.423611 0.121875 0.486111 0.92
0 0.780469 0.214583 0.0359375 0.109722 0.51

0 0.370703 0.426389 0.121094 0.488889 0.91
0 0.780469 0.213889 0.034375 0.111111 0.52

0 0.370703 0.430556 0.121094 0.491667 0.91
0 0.780469 0.213889 0.034375 0.111111 0.51

0 0.371094 0.433333 0.121875 0.497222 0.92

0 0.371094 0.432639 0.121875 0.495833 0.92

0 0.369141 0.434028 0.121094 0.501389 0.92

0 0.367969 0.435417 0.123438 0.506944 0.90
0 0.548437 0.402778 0.0890625 0.472222 0.50

0 0.370313 0.436111 0.11875 0.488889 0.89
0 0.548828 0.405556 0.0898438 0.475 0.56

0 0.371875 0.440972 0.121875 0.490278 0.90
0 0.546094 0.410417 0.09375 0.4625 0.60

0 0.372266 0.44375 0.119531 0.4875 0.90
0 0.546094 0.413889 0.090625 0.455556 0.68

0 0.373047 0.44375 0.117969 0.493056 0.90
0 0.546875 0.414583 0.090625 0.451389 0.66

0 0.375 0.445139 0.117188 0.495833 0.90
0 0.547656 0.415278 0.09375 0.458333 0.68
0 0.780469 0.215278 0.034375 0.111111 0.50

0 0.376172 0.448611 0.114844 0.502778 0.90
0 0.549219 0.417361 0.0984375 0.459722 0.71

0 0.377734 0.454861 0.113281 0.506944 0.90
0 0.549609 0.415278 0.0992187 0.469444 0.71

0 0.378516 0.456944 0.111719 0.511111 0.90
0 0.549219 0.414583 0.1 0.470833 0.74

0 0.379297 0.45625 0.108594 0.5125 0.90
0 0.548828 0.415278 0.102344 0.477778 0.75

0 0.380469 0.456944 0.104687 0.516667 0.89
0 0.548047 0.423611 0.100781 0.455556 0.72

0 0.38125 0.459722 0.104687 0.519444 0.89
0 0.553906 0.420139 0.1 0.470833 0.72

0 0.382812 0.460417 0.10625 0.526389 0.89
0 0.554688 0.422222 0.0984375 0.483333 0.77

0 0.383984 0.463889 0.107031 0.527778 0.89
0 0.556641 0.422222 0.0992187 0.486111 0.81

0 0.386328 0.463889 0.111719 0.527778 0.89
0 0.557813 0.424306 0.103125 0.484722 0.83

0 0.388672 0.465972 0.113281 0.529167 0.89
0 0.558594 0.427778 0.101562 0.486111 0.84

0 0.389062 0.46875 0.115625 0.531944 0.89
0 0.560156 0.426389 0.101562 0.491667 0.85

0 0.389453 0.476389 0.117969 0.55 0.89
0 0.561328 0.426389 0.102344 0.494444 0.86

0 0.3875 0.479167 0.11875 0.544444 0.90
0 0.5625 0.429167 0.104687 0.491667 0.86

0 0.386719 0.484028 0.121875 0.551389 0.90
0 0.563281 0.431944 0.104687 0.494444 0.85

0 0.386719 0.486806 0.123438 0.551389 0.89
0 0.564453 0.433333 0.105469 0.502778 0.84

0 0.383984 0.490278 0.127344 0.563889 0.88
0 0.564844 0.431944 0.10625 0.508333 0.83

0 0.380469 0.491667 0.134375 0.566667 0.87
0 0.564062 0.43125 0.10625 0.509722 0.78

0 0.376172 0.493056 0.139844 0.563889 0.87
0 0.563281 0.433333 0.103125 0.494444 0.79

0 0.374219 0.488889 0.139062 0.566667 0.89
0 0.560938 0.441667 0.101562 0.488889 0.80

0 0.370313 0.491667 0.140625 0.572222 0.88
0 0.559766 0.440278 0.100781 0.5 0.78

0 0.36875 0.485417 0.140625 0.573611 0.86
0 0.559375 0.434028 0.103125 0.5125 0.73

0 0.366797 0.486111 0.136719 0.552778 0.85
0 0.557031 0.434028 0.101562 0.5125 0.72

0 0.361719 0.483333 0.135937 0.55 0.78
0 0.555078 0.441667 0.0929687 0.511111 0.66
0 0.780078 0.215278 0.0335938 0.113889 0.50

0 0.358984 0.479167 0.132031 0.552778 0.78
0 0.554688 0.440278 0.0921875 0.513889 0.70
0 0.780078 0.215278 0.0351562 0.113889 0.52

0 0.357422 0.476389 0.128906 0.55 0.78
0 0.554688 0.441667 0.09375 0.522222 0.73
0 0.780078 0.215278 0.0351562 0.113889 0.51

0 0.357031 0.475 0.129688 0.55 0.81
0 0.554297 0.442361 0.0960938 0.5125 0.79
0 0.780078 0.215278 0.0351562 0.113889 0.55

0 0.353516 0.475 0.127344 0.536111 0.81
0 0.554297 0.44375 0.0976562 0.5125 0.79
0 0.780078 0.215278 0.0351562 0.113889 0.55

0 0.553906 0.44375 0.1 0.515278 0.82
0 0.351562 0.477778 0.129688 0.533333 0.81
0 0.780078 0.215278 0.0351562 0.113889 0.54

0 0.553125 0.442361 0.1 0.518056 0.82
0 0.344141 0.469444 0.135156 0.558333 0.80
0 0.779688 0.215278 0.034375 0.113889 0.52

0 0.340234 0.467361 0.139844 0.554167 0.83
0 0.552344 0.445833 0.101562 0.519444 0.80
0 0.780078 0.215278 0.0351562 0.113889 0.52

0 0.334766 0.471528 0.135156 0.545833 0.88
0 0.551562 0.448611 0.101562 0.525 0.77
0 0.780078 0.215278 0.0351562 0.113889 0.51

0 0.331641 0.470833 0.133594 0.544444 0.90
0 0.55 0.444444 0.0984375 0.530556 0.73
0 0.780078 0.215278 0.0351562 0.113889 0.52

0 0.328906 0.475694 0.125 0.545833 0.90
0 0.548047 0.445139 0.0992187 0.523611 0.73
0 0.780078 0.215278 0.0351562 0.113889 0.52

0 0.324609 0.478472 0.116406 0.548611 0.91
0 0.548047 0.45 0.0976562 0.522222 0.64
0 0.780078 0.215278 0.0351562 0.113889 0.52

0 0.321875 0.480556 0.115625 0.55 0.91
0 0.546094 0.447917 0.0953125 0.526389 0.64
0 0.779688 0.215278 0.034375 0.113889 0.51

0 0.31875 0.486806 0.1125 0.554167 0.90
0 0.544922 0.446528 0.0929687 0.520833 0.61
0 0.780078 0.215278 0.0351562 0.113889 0.51

0 0.316406 0.486806 0.110937 0.554167 0.90
0 0.542969 0.452778 0.0921875 0.511111 0.61
0 0.780078 0.214583 0.0351562 0.1125 0.52

0 0.316016 0.489583 0.111719 0.554167 0.89
0 0.542188 0.447917 0.090625 0.506944 0.64
0 0.780078 0.214583 0.0351562 0.1125 0.52

0 0.315234 0.488194 0.111719 0.551389 0.90
0 0.540234 0.444444 0.0882813 0.5 0.66
0 0.539062 0.256944 0.0734375 0.161111 0.50

0 0.315625 0.496528 0.1125 0.556944 0.91
0 0.537891 0.441667 0.0867188 0.494444 0.66
0 0.780078 0.214583 0.0351562 0.1125 0.50

0 0.315234 0.501389 0.114844 0.561111 0.91
0 0.537109 0.440278 0.0851562 0.491667 0.67
0 0.780078 0.214583 0.0351562 0.1125 0.51
0 0.542578 0.265278 0.0617188 0.172222 0.50

0 0.315625 0.501389 0.115625 0.561111 0.92
0 0.536719 0.432639 0.0859375 0.498611 0.61

0 0.314844 0.502083 0.115625 0.556944 0.92
0 0.536719 0.438889 0.0859375 0.5 0.55

0 0.313672 0.497917 0.114844 0.554167 0.91

0 0.313281 0.4875 0.1125 0.55 0.91

0 0.314063 0.489583 0.1125 0.540278 0.91

0 0.315625 0.492361 0.114063 0.534722 0.91

0 0.314453 0.492361 0.111719 0.531944 0.91

0 0.317969 0.494444 0.104687 0.511111 0.91

0 0.31875 0.497222 0.10625 0.508333 0.91

0 0.319922 0.496528 0.110156 0.515278 0.91

0 0.315234 0.494444 0.114844 0.541667 0.91

0 0.314453 0.491667 0.113281 0.547222 0.91

0 0.314063 0.491667 0.114063 0.547222 0.91

0 0.313672 0.491667 0.111719 0.544444 0.91

0 0.313281 0.490278 0.110937 0.541667 0.91

0 0.318359 0.492361 0.105469 0.515278 0.91

0 0.313281 0.486806 0.107813 0.5375 0.91

0 0.312109 0.484722 0.107031 0.538889 0.91

0 0.3125 0.481944 0.10625 0.538889 0.91
0 0.525 0.477778 0.0875 0.541667 0.59

0 0.312109 0.480556 0.105469 0.538889 0.91
0 0.524219 0.477778 0.090625 0.55 0.66

0 0.311719 0.479167 0.10625 0.541667 0.91
0 0.523828 0.476389 0.0914062 0.55 0.70

0 0.311719 0.480556 0.10625 0.541667 0.91
0 0.523438 0.479167 0.0921875 0.547222 0.72

0 0.312109 0.479861 0.105469 0.540278 0.91
0 0.523438 0.478472 0.0921875 0.545833 0.75

0 0.312109 0.479167 0.105469 0.538889 0.91
0 0.523828 0.475694 0.0914062 0.545833 0.75

0 0.312109 0.479861 0.105469 0.5375 0.91
0 0.523828 0.477778 0.0929687 0.544444 0.77

0 0.3125 0.479861 0.10625 0.540278 0.92
0 0.524609 0.480556 0.0914062 0.544444 0.75

0 0.312891 0.480556 0.105469 0.538889 0.92
0 0.525 0.481944 0.0890625 0.538889 0.75

0 0.312891 0.480556 0.105469 0.538889 0.92
0 0.526172 0.481944 0.0882813 0.536111 0.72

0 0.3125 0.480556 0.10625 0.538889 0.92
0 0.526953 0.484028 0.0867188 0.531944 0.71

0 0.312109 0.478472 0.107031 0.5375 0.91
0 0.527734 0.484722 0.0867188 0.533333 0.69

0 0.3125 0.479861 0.10625 0.534722 0.91
0 0.528906 0.486111 0.0859375 0.536111 0.63

0 0.3125 0.479167 0.10625 0.536111 0.91
0 0.529688 0.484028 0.084375 0.534722 0.57

0 0.3125 0.479167 0.10625 0.536111 0.91
0 0.530078 0.483333 0.0851562 0.533333 0.51

0 0.312891 0.479167 0.107031 0.536111 0.91

0 0.3125 0.477083 0.10625 0.5375 0.91

0 0.3125 0.473611 0.104687 0.533333 0.90

0 0.312109 0.475 0.102344 0.533333 0.90

0 0.312109 0.476389 0.100781 0.533333 0.90
0 0.533594 0.259722 0.06875 0.161111 0.54

0 0.312891 0.479861 0.0976562 0.5375 0.89
0 0.533594 0.260417 0.06875 0.1625 0.53

0 0.310156 0.474306 0.0984375 0.5375 0.88

0 0.308984 0.477778 0.0992187 0.538889 0.88

0 0.308984 0.477778 0.0992187 0.538889 0.88

0 0.309375 0.480556 0.1 0.538889 0.88

0 0.308984 0.486806 0.100781 0.5375 0.89

0 0.309375 0.486806 0.1 0.526389 0.89

0 0.309375 0.488194 0.101562 0.523611 0.90

0 0.309375 0.490972 0.103125 0.523611 0.90

0 0.309375 0.49375 0.103125 0.520833 0.90

0 0.309766 0.497222 0.103906 0.519444 0.90

0 0.309766 0.497222 0.105469 0.522222 0.90

0 0.309766 0.497917 0.107031 0.523611 0.90

0 0.309766 0.500694 0.108594 0.526389 0.90

0 0.309375 0.5 0.109375 0.525 0.89

0 0.309766 0.498611 0.108594 0.525 0.89

0 0.309375 0.499306 0.109375 0.526389 0.89

0 0.309766 0.5 0.110156 0.530556 0.89

0 0.309375 0.497917 0.109375 0.531944 0.89

0 0.309766 0.496528 0.108594 0.534722 0.89

0 0.309766 0.495833 0.108594 0.536111 0.89

0 0.309766 0.496528 0.108594 0.5375 0.89

0 0.309766 0.495139 0.108594 0.540278 0.89
0 0.528906 0.46875 0.0890625 0.565278 0.53

0 0.310156 0.495139 0.107813 0.540278 0.90
0 0.528125 0.467361 0.0890625 0.5625 0.60

0 0.309766 0.49375 0.107031 0.5375 0.90
0 0.527344 0.465278 0.090625 0.563889 0.64

0 0.308984 0.497222 0.107031 0.547222 0.90
0 0.527734 0.466667 0.0898438 0.566667 0.61

0 0.309766 0.492361 0.103906 0.5375 0.90
0 0.527344 0.46875 0.090625 0.5625 0.65

0 0.309766 0.490278 0.103906 0.541667 0.90
0 0.526953 0.465972 0.0898438 0.5625 0.69

0 0.309766 0.490972 0.105469 0.551389 0.90
0 0.527344 0.4625 0.090625 0.563889 0.70

0 0.310156 0.491667 0.107813 0.552778 0.90
0 0.526563 0.4625 0.090625 0.563889 0.72

0 0.310937 0.4875 0.10625 0.547222 0.90
0 0.526953 0.458333 0.0914062 0.566667 0.72

0 0.310547 0.485417 0.105469 0.548611 0.90
0 0.526953 0.456944 0.0914062 0.572222 0.74

0 0.310156 0.484722 0.10625 0.547222 0.90
0 0.527344 0.451389 0.0921875 0.569444 0.73

0 0.310547 0.482639 0.105469 0.548611 0.90
0 0.527734 0.450694 0.0914062 0.570833 0.75

0 0.310156 0.481944 0.10625 0.55 0.90
0 0.527734 0.45 0.0914062 0.572222 0.74

0 0.310156 0.480556 0.104687 0.55 0.90
0 0.528125 0.451389 0.0890625 0.569444 0.71

0 0.310156 0.48125 0.104687 0.551389 0.90
0 0.528125 0.452778 0.0890625 0.566667 0.69

0 0.310156 0.479167 0.104687 0.552778 0.90
0 0.528906 0.450694 0.0890625 0.570833 0.62

0 0.310156 0.479861 0.104687 0.551389 0.90
0 0.529688 0.449306 0.0875 0.570833 0.54

0 0.310547 0.480556 0.105469 0.547222 0.90
0 0.530469 0.45 0.0875 0.566667 0.51

0 0.310547 0.480556 0.105469 0.544444 0.90

0 0.310937 0.479861 0.104687 0.545833 0.90

0 0.311328 0.48125 0.105469 0.543056 0.90

0 0.311719 0.48125 0.10625 0.545833 0.90

0 0.3125 0.482639 0.107813 0.545833 0.91

0 0.312109 0.486111 0.110156 0.55 0.91

0 0.313281 0.490278 0.1125 0.544444 0.91
0 0.533203 0.447222 0.0820312 0.555556 0.52

0 0.315234 0.492361 0.114844 0.548611 0.92
0 0.532422 0.446528 0.0835937 0.556944 0.57

0 0.318359 0.492361 0.119531 0.543056 0.92
0 0.531641 0.447917 0.0835937 0.554167 0.62

0 0.323047 0.489583 0.124219 0.545833 0.92
0 0.530859 0.451389 0.0851562 0.558333 0.60

0 0.323828 0.486111 0.125781 0.541667 0.90
0 0.530469 0.458333 0.0875 0.555556 0.51

0 0.321875 0.486111 0.123438 0.533333 0.88
0 0.530078 0.467361 0.0882813 0.554167 0.54

0 0.324219 0.485417 0.128125 0.534722 0.85

0 0.328125 0.486806 0.1375 0.529167 0.82

0 0.337109 0.491667 0.147656 0.55 0.82
0 0.527344 0.484722 0.0984375 0.566667 0.51

0 0.337109 0.488889 0.152344 0.558333 0.79

0 0.339844 0.486806 0.139062 0.543056 0.78

0 0.345313 0.476389 0.13125 0.536111 0.69

0 0.357812 0.470139 0.14375 0.540278 0.58

None

None

0 0.367188 0.471528 0.148438 0.584722 0.58

0 0.375391 0.482639 0.158594 0.570833 0.60

0 0.410547 0.461806 0.244531 0.551389 0.68

0 0.419922 0.453472 0.264844 0.523611 0.82

0 0.424219 0.448611 0.276563 0.513889 0.78

0 0.457031 0.452778 0.2875 0.6 0.82
0 0.392578 0.463194 0.185156 0.520833 0.53

0 0.460938 0.456944 0.282813 0.613889 0.83
0 0.392188 0.469444 0.171875 0.541667 0.57

0 0.466016 0.454861 0.272656 0.634722 0.84

0 0.471484 0.446528 0.252344 0.615278 0.88

0 0.479688 0.433333 0.234375 0.605556 0.83

0 0.492188 0.43125 0.221875 0.595833 0.87

0 0.504687 0.435417 0.217187 0.629167 0.87

0 0.497656 0.448611 0.210938 0.627778 0.62
1 0.505078 0.448611 0.207031 0.65 0.52

1 0.504297 0.456944 0.202344 0.608333 0.59
0 0.498047 0.456944 0.213281 0.6 0.52

0 0.509375 0.455556 0.207813 0.594444 0.67

1 0.508594 0.452778 0.19375 0.597222 0.56

1 0.508594 0.445139 0.179688 0.595833 0.59
0 0.513672 0.449306 0.189844 0.590278 0.50

1 0.513281 0.446528 0.175 0.590278 0.58
0 0.516406 0.448611 0.184375 0.580556 0.57

0 0.517187 0.455556 0.178125 0.594444 0.61
1 0.516406 0.45 0.170312 0.588889 0.51

1 0.517187 0.459722 0.167187 0.575 0.63

1 0.517187 0.461806 0.171875 0.573611 0.64

1 0.517187 0.465972 0.171875 0.573611 0.68

1 0.519922 0.475 0.196094 0.541667 0.70

1 0.516797 0.46875 0.186719 0.565278 0.66

1 0.516406 0.466667 0.192188 0.55 0.69

1 0.516406 0.475694 0.217187 0.556944 0.73

1 0.515625 0.475 0.220313 0.558333 0.77

1 0.513672 0.476389 0.228906 0.558333 0.72

1 0.510938 0.477083 0.215625 0.565278 0.69

1 0.507812 0.481944 0.220313 0.563889 0.64

1 0.506641 0.480556 0.219531 0.558333 0.68

1 0.506641 0.479167 0.230469 0.541667 0.81

1 0.503516 0.486806 0.236719 0.568056 0.57

None

None

None

1 0.487109 0.504861 0.210156 0.6125 0.61

1 0.484375 0.506944 0.207813 0.611111 0.64

0 0.484375 0.507639 0.217187 0.5875 0.58
1 0.480469 0.5125 0.21875 0.602778 0.56

0 0.479297 0.508333 0.211719 0.577778 0.58

0 0.470703 0.511111 0.214844 0.572222 0.71

0 0.45625 0.513889 0.220313 0.591667 0.81

0 0.451172 0.518056 0.219531 0.569444 0.78

0 0.453906 0.504167 0.225 0.538889 0.78

0 0.448047 0.511806 0.227344 0.570833 0.55

1 0.442187 0.534722 0.229687 0.627778 0.54

0 0.440625 0.529167 0.225 0.602778 0.74

0 0.430469 0.540278 0.229687 0.608333 0.90

0 0.420703 0.543056 0.230469 0.625 0.92

0 0.407422 0.554167 0.242969 0.647222 0.87

0 0.402344 0.534028 0.242188 0.579167 0.88

0 0.395312 0.55625 0.24375 0.579167 0.84

0 0.391797 0.596528 0.258594 0.631944 0.85

0 0.388281 0.594444 0.260938 0.630556 0.89

0 0.385156 0.598611 0.254687 0.652778 0.90

0 0.373437 0.583333 0.260938 0.619444 0.91

0 0.369531 0.596528 0.267188 0.640278 0.91

0 0.365234 0.588889 0.266406 0.633333 0.93

0 0.359375 0.5875 0.265625 0.636111 0.89

0 0.352344 0.578472 0.260938 0.626389 0.91

0 0.337109 0.565972 0.242969 0.593056 0.88

0 0.338672 0.581944 0.246094 0.672222 0.90

0 0.330859 0.595833 0.236719 0.666667 0.91

0 0.327344 0.602778 0.242188 0.683333 0.91

0 0.324609 0.598611 0.238281 0.658333 0.89

0 0.324609 0.606944 0.217969 0.652778 0.90

0 0.310156 0.607639 0.217187 0.654167 0.93

0 0.308984 0.604861 0.216406 0.670833 0.93

0 0.308203 0.602083 0.208594 0.629167 0.91

0 0.304297 0.613889 0.230469 0.588889 0.89

0 0.300391 0.599306 0.225781 0.640278 0.90

0 0.300391 0.6 0.222656 0.636111 0.89

0 0.318359 0.6 0.207031 0.638889 0.93

0 0.332422 0.593056 0.200781 0.647222 0.91

0 0.335547 0.588194 0.182031 0.645833 0.90

0 0.340625 0.588889 0.182812 0.65 0.87

0 0.345313 0.618056 0.209375 0.697222 0.91

0 0.351562 0.640278 0.214062 0.719444 0.94

0 0.354297 0.622917 0.225781 0.754167 0.90

0 0.360156 0.665278 0.226562 0.669444 0.89

0 0.371875 0.663889 0.246875 0.672222 0.89

0 0.387891 0.640278 0.258594 0.719444 0.92

0 0.393359 0.629167 0.255469 0.741667 0.89

0 0.400781 0.638194 0.248437 0.723611 0.88

0 0.407813 0.631944 0.25 0.736111 0.89

0 0.411328 0.633333 0.252344 0.733333 0.91

0 0.41875 0.619444 0.264062 0.725 0.90

0 0.424219 0.625 0.265625 0.680556 0.92

0 0.434766 0.614583 0.263281 0.690278 0.92

0 0.441016 0.620833 0.266406 0.680556 0.94

0 0.444531 0.611111 0.25625 0.716667 0.94

0 0.450781 0.608333 0.25625 0.691667 0.94

0 0.454297 0.611111 0.274219 0.711111 0.92

0 0.460938 0.615278 0.282813 0.691667 0.87

0 0.467578 0.613889 0.285156 0.666667 0.87

0 0.473828 0.604167 0.277344 0.636111 0.89

0 0.479297 0.609028 0.275781 0.618056 0.92

0 0.4875 0.609722 0.284375 0.605556 0.87

0 0.498047 0.600694 0.288281 0.615278 0.83

0 0.505469 0.604167 0.320312 0.652778 0.74

None

1 0.527344 0.594444 0.348437 0.6 0.60

0 0.523047 0.589583 0.311719 0.548611 0.58

0 0.525 0.588889 0.310937 0.55 0.59

0 0.522656 0.590972 0.3125 0.534722 0.64

None

None

1 0.552344 0.561806 0.303125 0.543056 0.55

1 0.551172 0.572222 0.313281 0.555556 0.54

1 0.576953 0.575 0.321094 0.55 0.52

1 0.567969 0.557639 0.304688 0.565278 0.74

1 0.578125 0.556944 0.307813 0.558333 0.64

1 0.586719 0.545139 0.303125 0.551389 0.75

1 0.591406 0.540278 0.304688 0.552778 0.61

1 0.588672 0.532639 0.292969 0.5375 0.67

1 0.5875 0.53125 0.279687 0.523611 0.61

1 0.597266 0.527778 0.288281 0.55 0.55

1 0.598828 0.523611 0.283594 0.552778 0.63

1 0.601562 0.522222 0.2875 0.566667 0.70

1 0.600781 0.520833 0.279687 0.569444 0.72

1 0.595703 0.522917 0.266406 0.565278 0.72

1 0.589453 0.529167 0.249219 0.563889 0.70

1 0.591406 0.531944 0.264062 0.572222 0.68

1 0.589063 0.526389 0.267188 0.583333 0.71
0 0.480078 0.0888889 0.172656 0.177778 0.53

1 0.587109 0.528472 0.286719 0.604167 0.75
0 0.481641 0.0881944 0.174219 0.176389 0.51

1 0.584766 0.525 0.294531 0.625 0.60

0 0.580469 0.526389 0.284375 0.633333 0.53

0 0.577344 0.53125 0.275 0.643056 0.68

1 0.577734 0.535417 0.277344 0.681944 0.53

1 0.571875 0.531944 0.28125 0.7 0.70
0 0.493359 0.0881944 0.180469 0.176389 0.50

1 0.560938 0.529861 0.273438 0.718056 0.67
0 0.49375 0.0881944 0.179688 0.176389 0.51

1 0.558594 0.506944 0.235938 0.641667 0.62
0 0.495313 0.0875 0.178125 0.175 0.53

1 0.557422 0.522917 0.230469 0.645833 0.67
0 0.495703 0.0875 0.175781 0.175 0.51

1 0.554688 0.525 0.220313 0.638889 0.65

1 0.551953 0.531944 0.213281 0.655556 0.57

0 0.545703 0.546528 0.241406 0.648611 0.61
1 0.549219 0.540972 0.207813 0.665278 0.51

0 0.541797 0.552083 0.228906 0.629167 0.76

0 0.542969 0.553472 0.228125 0.634722 0.72

0 0.531641 0.547222 0.171094 0.691667 0.71

0 0.528906 0.542361 0.167187 0.706944 0.76

0 0.525 0.538194 0.153125 0.6875 0.75

0 0.521875 0.534722 0.146875 0.677778 0.80

0 0.519922 0.533333 0.147656 0.666667 0.79

0 0.521875 0.531944 0.153125 0.680556 0.74

0 0.521484 0.526389 0.153906 0.652778 0.69

0 0.509766 0.531944 0.147656 0.625 0.68

0 0.499219 0.538194 0.1625 0.606944 0.74

0 0.489062 0.543056 0.171875 0.597222 0.66

0 0.483203 0.540278 0.185156 0.583333 0.78

0 0.477344 0.520139 0.185937 0.581944 0.62

1 0.478516 0.523611 0.194531 0.627778 0.79

1 0.475781 0.524306 0.192188 0.640278 0.75

1 0.471484 0.529861 0.182031 0.601389 0.82

1 0.466016 0.527083 0.174219 0.590278 0.80

1 0.466016 0.525 0.180469 0.616667 0.69

1 0.464063 0.525694 0.184375 0.601389 0.70
0 0.460938 0.526389 0.178125 0.591667 0.54

1 0.461719 0.525 0.190625 0.577778 0.67
0 0.460156 0.522222 0.192188 0.541667 0.51

1 0.4625 0.523611 0.196875 0.547222 0.61

0 0.455469 0.53125 0.19375 0.543056 0.62

0 0.453906 0.532639 0.204688 0.498611 0.69

0 0.450781 0.535417 0.207813 0.479167 0.63
1 0.448828 0.54375 0.211719 0.526389 0.54

1 0.446484 0.542361 0.216406 0.518056 0.63
0 0.448828 0.539583 0.211719 0.465278 0.51

1 0.444922 0.547917 0.221094 0.515278 0.66

1 0.444531 0.558333 0.229687 0.511111 0.72

1 0.449219 0.55625 0.225 0.473611 0.68

1 0.451562 0.552778 0.226562 0.469444 0.76

1 0.452344 0.55625 0.234375 0.468056 0.76

1 0.447656 0.588194 0.25 0.504167 0.70

1 0.445703 0.590278 0.252344 0.488889 0.70

1 0.451562 0.598611 0.259375 0.533333 0.63

1 0.451172 0.601389 0.264844 0.519444 0.70

1 0.450781 0.607639 0.264062 0.531944 0.67

1 0.450781 0.609722 0.260938 0.525 0.57

1 0.449609 0.613889 0.255469 0.5 0.51

None

None

None

None

None

None

None

None

None

None

None

0 0.490234 0.0881944 0.186719 0.176389 0.51

None

None

None

1 0.417188 0.60625 0.190625 0.395833 0.53

2 0.417969 0.620139 0.2 0.398611 0.59
1 0.416797 0.609722 0.186719 0.377778 0.50

2 0.417578 0.61875 0.202344 0.384722 0.62

2 0.417969 0.617361 0.207813 0.384722 0.63

2 0.417969 0.614583 0.207813 0.381944 0.72

2 0.416406 0.615972 0.207813 0.368056 0.75

2 0.415625 0.610417 0.209375 0.359722 0.71

2 0.416016 0.606944 0.208594 0.366667 0.61

2 0.416406 0.603472 0.207813 0.359722 0.68

2 0.414844 0.606944 0.209375 0.35 0.70

2 0.415625 0.604167 0.209375 0.347222 0.74

2 0.416016 0.608333 0.211719 0.35 0.75

2 0.415625 0.611111 0.20625 0.336111 0.77

2 0.417188 0.613889 0.203125 0.327778 0.70

2 0.417188 0.608333 0.196875 0.336111 0.73
1 0.416016 0.597222 0.185156 0.347222 0.57

2 0.41875 0.604167 0.2 0.347222 0.74
1 0.417188 0.594444 0.185937 0.358333 0.63

1 0.417188 0.590972 0.1875 0.365278 0.68
2 0.419141 0.600694 0.203906 0.354167 0.65

1 0.417578 0.588889 0.189844 0.363889 0.61
2 0.419531 0.601389 0.201562 0.355556 0.57

2 0.420703 0.606944 0.208594 0.352778 0.56

2 0.421094 0.611111 0.210938 0.361111 0.51

None

None

2 0.424219 0.611111 0.215625 0.388889 0.51

2 0.423438 0.606944 0.214062 0.391667 0.51

2 0.421094 0.608333 0.214062 0.4 0.58

2 0.420703 0.604861 0.205469 0.3875 0.60
1 0.420703 0.594444 0.189844 0.377778 0.55

2 0.418359 0.613889 0.202344 0.4 0.65

2 0.417188 0.618056 0.196875 0.397222 0.69

2 0.414453 0.617361 0.197656 0.384722 0.70

2 0.411719 0.613889 0.198437 0.380556 0.71

2 0.409766 0.6125 0.203906 0.380556 0.65

2 0.408594 0.609722 0.20625 0.377778 0.59

None

2 0.40625 0.611111 0.20625 0.380556 0.52

None

None

None

None

None

None

None

None

None

None

None

None

None

None

None

None

None

None

None

None

None

None

None

None

None

None

None

None

None

None

None

None

None

None

None

None

None

0 0.480469 0.0902778 0.179688 0.180556 0.52

0 0.482422 0.0902778 0.178906 0.180556 0.56

0 0.484766 0.0902778 0.185156 0.180556 0.52

None

None

None

None

None

None

None

None

None

None

None

None

None

None

None

None

None

None

None

None

None

None

None

None

None

None

None

None

None

None

None

None

None

None

None

None

None

None

None

2 0.391406 0.622222 0.23125 0.455556 0.55

2 0.391016 0.626389 0.238281 0.452778 0.51

2 0.393359 0.625694 0.227344 0.4375 0.59

2 0.392969 0.625 0.229687 0.430556 0.58

None

None

None

None

None

None

None

None

None

None

None

None

None

None

None

None

None

1 0.390625 0.538194 0.226562 0.4875 0.52

None

None

None

None

None

1 0.390625 0.544444 0.2375 0.455556 0.51

1 0.391797 0.552083 0.235156 0.431944 0.52

None

None

None

None

None

None

None

None

None

None

None

None

None

None

None

None

None

None

None

None

None

None

None

None

None

None

None

None

None

None

None

None

0 0.379687 0.622222 0.226562 0.480556 0.57

None

None

None

0 0.378125 0.609722 0.239063 0.472222 0.58

0 0.376953 0.614583 0.233594 0.459722 0.66

0 0.378516 0.617361 0.236719 0.473611 0.62

0 0.378906 0.6125 0.242188 0.486111 0.50

None

None

None

None

None

0 0.378125 0.606944 0.23125 0.475 0.53

0 0.376563 0.610417 0.229687 0.473611 0.59

0 0.375 0.611111 0.228125 0.477778 0.58

0 0.372656 0.609722 0.223438 0.477778 0.60

0 0.371875 0.611806 0.220313 0.445833 0.62

0 0.373437 0.609722 0.220313 0.436111 0.58

0 0.374219 0.603472 0.223438 0.423611 0.51

None

None

None

None

None

None

None

None

None

None

None

0 0.370703 0.599306 0.288281 0.454167 0.56

0 0.369531 0.597222 0.289062 0.433333 0.57

0 0.366406 0.609028 0.275 0.395833 0.71

0 0.367969 0.61875 0.264062 0.3875 0.74

0 0.367578 0.625694 0.277344 0.429167 0.51

None

None

1 0.371875 0.604861 0.29375 0.423611 0.55

None

None

None

None

None

None

None

None

None

None

None

None

None

None

None

None

None

None

None

None

None

1 0.379687 0.588889 0.270312 0.497222 0.50

None

None

None

None

0 0.377344 0.610417 0.264062 0.498611 0.59

0 0.379687 0.608333 0.26875 0.5 0.52

None

None

None

None

None

None

None

None

None

1 0.369141 0.661111 0.252344 0.397222 0.57

1 0.369141 0.663889 0.258594 0.413889 0.56

None

None

1 0.363281 0.659722 0.226562 0.422222 0.51

0 0.3625 0.640972 0.2375 0.426389 0.56

0 0.361328 0.636806 0.233594 0.431944 0.56

0 0.354688 0.636806 0.220313 0.429167 0.78
0 0.491016 0.40625 0.100781 0.448611 0.51

0 0.345313 0.632639 0.182812 0.445833 0.77
0 0.496484 0.420139 0.103906 0.445833 0.68

0 0.335156 0.634722 0.154687 0.475 0.83
0 0.503516 0.419444 0.0914062 0.447222 0.67

0 0.334766 0.63125 0.147656 0.459722 0.88
0 0.506641 0.416667 0.0898438 0.469444 0.64

0 0.33125 0.618056 0.148438 0.480556 0.90
0 0.505469 0.407639 0.0953125 0.4875 0.66

0 0.323828 0.594444 0.136719 0.486111 0.91
0 0.508984 0.416667 0.0867188 0.477778 0.58

0 0.319141 0.586806 0.136719 0.515278 0.91
0 0.508203 0.422222 0.0898438 0.486111 0.62

0 0.314453 0.561111 0.124219 0.488889 0.90
0 0.507812 0.427778 0.0890625 0.488889 0.59

0 0.3125 0.550694 0.13125 0.498611 0.91
0 0.507812 0.420833 0.0859375 0.497222 0.64

0 0.314453 0.545139 0.132031 0.509722 0.91
0 0.509375 0.422917 0.096875 0.493056 0.63

0 0.3125 0.536806 0.13125 0.534722 0.91
0 0.510547 0.421528 0.0945313 0.484722 0.62

0 0.312891 0.53125 0.132031 0.551389 0.91
0 0.510156 0.425694 0.09375 0.501389 0.72

0 0.313281 0.529861 0.129688 0.570833 0.90
0 0.511719 0.429861 0.0953125 0.490278 0.79

0 0.313281 0.53125 0.132812 0.590278 0.88
0 0.513672 0.43125 0.0945313 0.476389 0.75

0 0.311328 0.534028 0.135156 0.581944 0.88
0 0.516406 0.429861 0.0953125 0.468056 0.79

0 0.310937 0.536806 0.140625 0.581944 0.89
0 0.51875 0.427083 0.0984375 0.4625 0.82

0 0.311328 0.543056 0.146094 0.572222 0.91
0 0.520312 0.429861 0.09375 0.4625 0.84

0 0.3125 0.538889 0.15 0.563889 0.91
0 0.521484 0.419444 0.0976562 0.483333 0.82
0 0.288672 0.370833 0.116406 0.330556 0.53

0 0.314453 0.541667 0.155469 0.55 0.91
0 0.523828 0.418056 0.0976562 0.486111 0.80
0 0.288281 0.359028 0.110937 0.306944 0.76

0 0.316016 0.543056 0.157031 0.555556 0.92
0 0.524219 0.419444 0.1 0.477778 0.81
0 0.287891 0.359028 0.110156 0.306944 0.74

0 0.315625 0.545833 0.160938 0.569444 0.92
0 0.527734 0.413889 0.105469 0.488889 0.80
0 0.287109 0.351389 0.105469 0.291667 0.68

0 0.316406 0.544444 0.1625 0.591667 0.93
0 0.532812 0.415972 0.114063 0.476389 0.86

0 0.315234 0.535417 0.169531 0.6125 0.92
0 0.533984 0.41875 0.116406 0.473611 0.87

0 0.317969 0.536806 0.170312 0.6125 0.91
0 0.5375 0.420833 0.117188 0.483333 0.87

0 0.31875 0.535417 0.170312 0.6125 0.91
0 0.540625 0.425694 0.117188 0.484722 0.82

0 0.317969 0.529167 0.175 0.627778 0.92
0 0.541406 0.426389 0.120312 0.486111 0.85

0 0.319531 0.529861 0.170312 0.631944 0.91
0 0.542969 0.434722 0.11875 0.480556 0.85

0 0.317578 0.535417 0.172656 0.629167 0.93
0 0.544531 0.430556 0.115625 0.488889 0.85

0 0.317578 0.545833 0.167969 0.622222 0.92
0 0.545313 0.430556 0.110937 0.494444 0.85

0 0.316797 0.550694 0.161719 0.651389 0.91
0 0.546875 0.427778 0.109375 0.508333 0.86

0 0.31875 0.547222 0.157813 0.655556 0.91
0 0.547266 0.430556 0.105469 0.513889 0.83

0 0.322266 0.549306 0.152344 0.659722 0.90
0 0.548047 0.439583 0.0960938 0.5125 0.75

0 0.325 0.557639 0.153125 0.6625 0.89
0 0.55 0.440278 0.090625 0.519444 0.67

0 0.326562 0.556944 0.15625 0.680556 0.89
0 0.551953 0.440278 0.0882813 0.525 0.57

0 0.328125 0.559722 0.159375 0.680556 0.89
0 0.552734 0.441667 0.0882813 0.527778 0.53

0 0.330078 0.558333 0.161719 0.677778 0.89

0 0.33125 0.563889 0.171875 0.705556 0.87

0 0.332812 0.563889 0.178125 0.708333 0.88

0 0.333203 0.564583 0.185156 0.709722 0.86

0 0.346094 0.594444 0.151562 0.711111 0.82

0 0.344141 0.595833 0.150781 0.713889 0.82

0 0.344141 0.602778 0.149219 0.722222 0.82

0 0.346094 0.613194 0.15 0.731944 0.82

0 0.345703 0.6125 0.158594 0.747222 0.83

0 0.342969 0.6125 0.165625 0.75 0.84

0 0.336328 0.6125 0.169531 0.741667 0.84

0 0.332031 0.611111 0.175 0.733333 0.86

0 0.332812 0.614583 0.173438 0.729167 0.86
0 0.781641 0.213194 0.0351562 0.109722 0.66

0 0.33125 0.620139 0.16875 0.720833 0.87

0 0.327344 0.625694 0.175 0.743056 0.88

0 0.325391 0.628472 0.169531 0.706944 0.89

0 0.324609 0.635417 0.171094 0.704167 0.90

0 0.320312 0.642361 0.179688 0.715278 0.89

0 0.315625 0.646528 0.1875 0.706944 0.89

0 0.312109 0.647917 0.189844 0.704167 0.89

0 0.297266 0.628472 0.217969 0.743056 0.89

