0 435.5 323 0.86
0 653.5 340 0.63
0 665.5 184.5 0.51

0 436 324 0.86
0 653.5 341.5 0.60

0 436 324 0.86
0 653.5 343 0.60

0 436 323.5 0.86
0 653.5 343 0.66

0 435.5 324.5 0.87
0 654 341 0.68

0 436 324 0.87
0 654.5 338 0.70

0 435.5 324 0.87
0 656.5 324.5 0.72

0 435.5 324 0.87
0 658 325.5 0.75

0 436 324 0.87
0 659.5 324 0.78

0 436 324 0.87
0 660 324.5 0.79

0 435.5 324.5 0.87
0 660 323.5 0.82

0 435.5 324 0.87
0 659 322.5 0.84

0 435.5 324 0.87
0 657.5 322.5 0.82

0 435.5 324 0.87
0 657 321.5 0.83

0 435 324 0.87
0 656.5 323 0.82

0 435 323.5 0.87
0 656 324 0.78

0 434 324 0.87
0 654.5 327 0.73

0 434.5 323.5 0.87
0 653 329 0.65

0 434.5 324 0.88
0 651 339 0.64

0 434 324 0.88
0 650 340.5 0.61

0 433.5 324.5 0.88
0 650 340 0.63

0 434 323.5 0.88
0 649.5 338.5 0.64

0 433.5 323.5 0.87
0 649.5 339 0.66

0 433 323.5 0.87
0 649.5 338.5 0.67

0 433.5 323.5 0.87
0 649.5 340.5 0.67

0 433 324 0.87
0 650 339.5 0.68

0 433 323 0.88
0 649.5 339.5 0.69

0 433.5 323 0.87
0 650 338.5 0.69

0 433.5 323 0.88
0 649.5 339.5 0.70

0 433.5 323.5 0.88
0 651 329 0.69

0 433.5 320 0.88
0 654.5 327 0.72
0 999 154 0.51

0 433.5 320.5 0.88
0 652.5 320.5 0.69

0 433.5 320 0.88
0 655.5 329 0.61

0 433 320 0.88
0 652.5 323 0.62

0 432.5 319.5 0.89
0 650 334.5 0.62
0 999 154 0.50

0 432.5 316.5 0.89
0 650 333.5 0.60

0 433 317.5 0.88
0 652.5 321 0.61

0 434.5 320 0.87
0 652.5 318.5 0.69

0 437 321 0.86
0 652.5 321 0.67
0 999 154.5 0.52

0 438.5 325.5 0.83
0 650 331 0.59

0 439 328.5 0.84
0 651.5 323.5 0.65

0 436.5 328 0.87
0 651.5 318.5 0.73

0 433.5 333.5 0.89
0 651 319 0.70

0 436 336.5 0.88
0 650.5 319.5 0.72

0 434.5 342 0.88
0 650 316 0.75

0 431 347 0.89
0 649.5 314 0.81

0 425.5 345.5 0.90
0 650.5 316 0.78

0 423.5 349 0.89
0 651 320 0.69

0 423 349 0.89
0 649.5 321 0.70

0 424.5 349.5 0.89
0 649 324.5 0.67

0 425 351.5 0.89
0 648 326.5 0.70
0 651.5 192 0.52

0 426 352.5 0.88
0 648 327.5 0.66
0 654 192 0.51

0 424 357 0.89
0 649 329.5 0.71
0 658.5 185 0.52

0 423 360.5 0.88
0 650 329 0.70
0 662.5 189 0.56

0 420.5 363.5 0.87
0 651 330 0.68
0 663 190 0.59

0 417.5 364 0.87
0 651.5 330 0.71
0 665 190.5 0.56

0 418 366 0.87
0 652 328.5 0.75
0 665.5 191 0.50

0 417.5 368.5 0.87
0 652 328.5 0.76

0 420.5 366.5 0.87
0 652 327.5 0.74

0 420 368 0.88
0 653 324 0.76

0 422 366.5 0.87
0 654 325.5 0.69

0 421.5 366.5 0.88
0 655 335.5 0.69

0 421 370 0.89
0 655.5 335 0.69

0 421.5 372 0.89
0 656 335 0.65

0 423 373.5 0.89
0 657 323 0.63

0 423 376.5 0.88
0 656.5 322.5 0.62

0 423 379.5 0.88
0 656.5 323 0.61

0 423.5 380.5 0.87
0 656 321.5 0.61

0 424 380 0.88
0 655.5 323.5 0.61

0 424.5 382 0.87
0 656 324.5 0.65

0 425 382.5 0.87
0 656 324 0.65

0 423 389 0.87
0 654.5 339.5 0.61

0 423.5 389.5 0.87
0 655 340 0.64

0 423.5 389 0.87
0 655 339.5 0.64

0 423 390 0.88
0 655 340 0.63

0 424 390 0.87
0 657 326 0.61

0 423 389.5 0.88
0 657.5 325.5 0.61

0 423 389 0.88
0 656 339.5 0.56

0 426.5 382 0.88
0 657 322.5 0.60

0 425.5 381 0.89
0 657 321 0.64

0 424.5 378 0.89
0 656.5 317.5 0.66

0 420 378.5 0.89

0 422 373.5 0.91

0 420.5 370 0.91

0 419.5 365.5 0.90

0 420 361 0.91
0 654.5 339.5 0.64

0 420.5 358 0.91
0 652.5 331.5 0.67

0 418.5 360 0.92
0 652.5 326.5 0.57
0 659.5 184 0.52

0 420.5 354.5 0.92
0 653.5 322.5 0.56

0 424 351 0.91
0 652.5 335 0.57
0 663.5 184 0.53

0 427.5 352.5 0.86
0 661.5 184 0.52
0 653 337 0.52

0 436.5 367.5 0.81

0 439.5 366.5 0.75

0 442 365 0.75

0 441 366 0.76

0 443 364.5 0.75

0 423.5 365.5 0.78

0 413 360 0.85

0 409.5 355 0.87
0 651.5 323.5 0.63

0 414.5 351.5 0.87
0 651 324 0.74

0 420.5 351 0.86
0 651.5 323 0.66

0 419 346.5 0.87
0 650 327 0.67

0 417 341.5 0.89
0 649.5 339 0.75

0 420 335.5 0.89
0 648 339 0.75

0 421.5 337.5 0.88
0 652 327.5 0.79

0 421 336 0.88
0 650 340.5 0.83

0 420 332 0.88
0 656 326 0.84

0 417.5 330 0.89
0 657 325 0.85

0 415.5 332.5 0.89
0 659.5 320.5 0.88

0 662 318.5 0.90
0 416 332.5 0.89

0 664.5 317 0.90
0 416 333.5 0.89

0 417 334 0.89
0 665.5 319 0.88

0 418.5 329 0.89
0 665.5 319.5 0.87

0 420 325.5 0.88
0 666.5 319 0.87

0 422 319.5 0.87
0 667 323 0.85

0 422 319 0.87
0 667.5 327 0.85

0 425 315.5 0.87
0 667.5 329 0.84

0 425.5 308.5 0.88
0 667.5 327 0.85

0 428.5 306.5 0.88
0 668 326 0.84
0 670 185.5 0.50

0 431 303 0.87
0 667.5 326.5 0.84
0 670 185.5 0.51

0 434.5 300.5 0.87
0 668.5 326 0.87

0 669 326 0.88
0 437 300.5 0.85

0 669.5 326.5 0.87
0 441 300 0.78

0 671.5 329 0.84
0 447.5 294 0.77

0 450 293.5 0.82
0 672 329.5 0.77

0 455 292 0.86
0 675 331.5 0.67

0 458.5 293 0.86
0 676.5 332 0.54

0 461 293 0.86

0 460.5 291.5 0.87

0 460.5 290 0.88
0 676.5 327 0.62

0 462.5 289 0.89
0 675.5 324 0.70
0 678.5 179 0.51

0 463 288.5 0.89
0 674 322.5 0.75
0 678 178.5 0.55

0 465 290.5 0.89
0 673.5 318.5 0.72
0 678.5 178 0.55

0 471 288 0.89
0 673 319.5 0.68

0 476.5 287 0.90
0 672 318.5 0.67

0 481 286 0.90
0 671.5 317.5 0.60

0 485 282 0.90
0 675.5 311 0.54

0 488 281.5 0.90

0 491 279 0.90
0 678 310 0.51

0 493 279 0.90
0 679.5 314 0.58

0 495.5 273.5 0.89
0 684 312.5 0.65

0 496.5 267 0.92
0 687 312.5 0.67

0 499 263.5 0.93
0 689 314.5 0.57

0 502.5 263.5 0.93
0 691 314 0.60

0 507.5 265 0.92
0 691.5 305 0.52

0 511.5 267 0.90

0 511.5 268 0.89
0 999 154 0.50

0 514.5 268 0.88
0 999 154 0.51

0 515 269 0.88

0 511.5 271 0.88

0 511 269.5 0.87

0 518 278.5 0.86

0 526 280.5 0.87

0 527.5 280 0.84

0 525 281 0.85

0 522 281.5 0.85

0 524.5 274 0.87
0 707 316.5 0.56

0 515.5 276 0.87
0 705 309 0.66

0 510 275.5 0.89
0 706.5 309 0.70

0 504 275 0.91
0 706.5 308.5 0.71

0 499.5 274.5 0.91
0 705.5 310.5 0.76

0 498 275.5 0.90
0 705.5 312 0.77

0 501 274 0.90
0 703 310 0.78

0 499.5 274.5 0.90
0 707 313 0.80

0 499.5 273 0.90
0 706 313.5 0.79

0 500 273 0.90
0 707.5 311.5 0.78

0 499.5 278.5 0.89
0 708.5 312.5 0.77

0 500.5 282.5 0.89
0 711 314 0.77

0 503.5 283 0.88
0 714 318.5 0.72

0 505 283 0.87
0 716.5 320.5 0.67

0 506 278.5 0.88
0 717.5 321 0.65

0 508.5 279.5 0.87
0 719.5 320 0.61

0 508 278 0.88
0 721 319.5 0.68

0 510 277.5 0.85
0 722 317.5 0.73

0 513 280.5 0.83
0 722 318 0.77

0 514 281.5 0.84
0 721.5 318 0.80

0 513.5 282.5 0.84
0 721 317 0.82

0 513 285.5 0.85
0 720.5 318 0.83

0 511 284.5 0.82
0 721 319.5 0.80

0 509 281.5 0.86
0 720.5 317 0.79

0 508.5 281 0.87
0 722 314 0.83

0 513 281.5 0.85
0 722 316 0.81

0 512.5 279.5 0.85
0 720.5 318.5 0.84

0 511.5 276 0.87
0 719.5 319 0.85
0 726.5 181 0.50

0 511 275 0.87
0 718.5 317.5 0.83
0 726 181 0.58

0 510.5 274 0.88
0 717 320 0.82
0 726 182 0.62

0 509 273 0.88
0 716 319 0.84
0 727 182 0.63
0 999 155 0.50

0 508.5 271 0.89
0 715 316 0.84
0 726.5 182 0.62

0 508 268 0.89
0 714 317 0.82
0 727 182 0.64

0 508.5 266 0.88
0 713 315 0.80
0 727 183 0.59
0 999 155 0.51

0 508.5 263 0.88
0 712 315.5 0.80
0 727 183 0.56
0 999 155 0.52

0 506.5 264 0.88
0 710.5 315.5 0.80
0 998.5 155 0.51

0 504.5 266.5 0.89
0 709.5 315.5 0.80
0 998.5 155 0.50

0 502.5 267 0.91
0 707.5 314.5 0.79

0 501.5 267.5 0.91
0 706 315 0.77

0 501 266 0.90
0 704.5 316.5 0.75

0 499.5 267.5 0.90
0 703 317.5 0.69
0 999 155 0.50

0 497.5 268 0.90
0 701.5 312 0.61
0 999 155 0.52

0 497.5 278.5 0.91
0 701 309.5 0.59
0 999 155 0.53

0 494 281 0.91
0 701.5 309 0.65
0 999 155 0.53

0 490 285 0.90
0 701 308 0.63
0 999 154.5 0.54

0 488.5 290 0.91
0 701.5 306 0.53

0 487.5 288.5 0.91

0 486 285 0.90

0 481 293 0.91

0 480.5 297 0.92

0 478 300.5 0.92
0 999 154.5 0.51

0 476 305 0.92
0 999 154.5 0.51

0 474.5 307 0.91
0 999 154 0.52

0 474.5 310 0.91
0 999 154 0.51

0 475 312 0.92

0 475 311.5 0.92

0 472.5 312.5 0.92

0 471 313.5 0.90
0 702 290 0.50

0 474 314 0.89
0 702.5 292 0.56

0 476 317.5 0.90
0 699 295.5 0.60

0 476.5 319.5 0.90
0 699 298 0.68

0 477.5 319.5 0.90
0 700 298.5 0.66

0 480 320.5 0.90
0 701 299 0.68
0 999 155 0.50

0 481.5 323 0.90
0 703 300.5 0.71

0 483.5 327.5 0.90
0 703.5 299 0.71

0 484.5 329 0.90
0 703 298.5 0.74

0 485.5 328.5 0.90
0 702.5 299 0.75

0 487 329 0.89
0 701.5 305 0.72

0 488 331 0.89
0 709 302.5 0.72

0 490 331.5 0.89
0 710 304 0.77

0 491.5 334 0.89
0 712.5 304 0.81

0 494.5 334 0.89
0 714 305.5 0.83

0 497.5 335.5 0.89
0 715 308 0.84

0 498 337.5 0.89
0 717 307 0.85

0 498.5 343 0.89
0 718.5 307 0.86

0 496 345 0.90
0 720 309 0.86

0 495 348.5 0.90
0 721 311 0.85

0 495 350.5 0.89
0 722.5 312 0.84

0 491.5 353 0.88
0 723 311 0.83

0 487 354 0.87
0 722 310.5 0.78

0 481.5 355 0.87
0 721 312 0.79

0 479 352 0.89
0 718 318 0.80

0 474 354 0.88
0 716.5 317 0.78

0 472 349.5 0.86
0 716 312.5 0.73

0 469.5 350 0.85
0 713 312.5 0.72

0 463 348 0.78
0 710.5 318 0.66
0 998.5 155 0.50

0 459.5 345 0.78
0 710 317 0.70
0 998.5 155 0.52

0 457.5 343 0.78
0 710 318 0.73
0 998.5 155 0.51

0 457 342 0.81
0 709.5 318.5 0.79
0 998.5 155 0.55

0 452.5 342 0.81
0 709.5 319.5 0.79
0 998.5 155 0.55

0 709 319.5 0.82
0 450 344 0.81
0 998.5 155 0.54

0 708 318.5 0.82
0 440.5 338 0.80
0 998 155 0.52

0 435.5 336.5 0.83
0 707 321 0.80
0 998.5 155 0.52

0 428.5 339.5 0.88
0 706 323 0.77
0 998.5 155 0.51

0 424.5 339 0.90
0 704 320 0.73
0 998.5 155 0.52

0 421 342.5 0.90
0 701.5 320.5 0.73
0 998.5 155 0.52

0 415.5 344.5 0.91
0 701.5 324 0.64
0 998.5 155 0.52

0 412 346 0.91
0 699 322.5 0.64
0 998 155 0.51

0 408 350.5 0.90
0 697.5 321.5 0.61
0 998.5 155 0.51

0 405 350.5 0.90
0 695 326 0.61
0 998.5 154.5 0.52

0 404.5 352.5 0.89
0 694 322.5 0.64
0 998.5 154.5 0.52

0 403.5 351.5 0.90
0 691.5 320 0.66
0 690 185 0.50

0 404 357.5 0.91
0 688.5 318 0.66
0 998.5 154.5 0.50

0 403.5 361 0.91
0 687.5 317 0.67
0 998.5 154.5 0.51
0 694.5 191 0.50

0 404 361 0.92
0 687 311.5 0.61

0 403 361.5 0.92
0 687 316 0.55

0 401.5 358.5 0.91

0 401 351 0.91

0 402 352.5 0.91

0 404 354.5 0.91

0 402.5 354.5 0.91

0 407 356 0.91

0 408 358 0.91

0 409.5 357.5 0.91

0 403.5 356 0.91

0 402.5 354 0.91

0 402 354 0.91

0 401.5 354 0.91

0 401 353 0.91

0 407.5 354.5 0.91

0 401 350.5 0.91

0 399.5 349 0.91

0 400 347 0.91
0 672 344 0.59

0 399.5 346 0.91
0 671 344 0.66

0 399 345 0.91
0 670.5 343 0.70

0 399 346 0.91
0 670 345 0.72

0 399.5 345.5 0.91
0 670 344.5 0.75

0 399.5 345 0.91
0 670.5 342.5 0.75

0 399.5 345.5 0.91
0 670.5 344 0.77

0 400 345.5 0.92
0 671.5 346 0.75

0 400.5 346 0.92
0 672 347 0.75

0 400.5 346 0.92
0 673.5 347 0.72

0 400 346 0.92
0 674.5 348.5 0.71

0 399.5 344.5 0.91
0 675.5 349 0.69

0 400 345.5 0.91
0 677 350 0.63

0 400 345 0.91
0 678 348.5 0.57

0 400 345 0.91
0 678.5 348 0.51

0 400.5 345 0.91

0 400 343.5 0.91

0 400 341 0.90

0 399.5 342 0.90

0 399.5 343 0.90
0 683 187 0.54

0 400.5 345.5 0.89
0 683 187.5 0.53

0 397 341.5 0.88

0 395.5 344 0.88

0 395.5 344 0.88

0 396 346 0.88

0 395.5 350.5 0.89

0 396 350.5 0.89

0 396 351.5 0.90

0 396 353.5 0.90

0 396 355.5 0.90

0 396.5 358 0.90

0 396.5 358 0.90

0 396.5 358.5 0.90

0 396.5 360.5 0.90

0 396 360 0.89

0 396.5 359 0.89

0 396 359.5 0.89

0 396.5 360 0.89

0 396 358.5 0.89

0 396.5 357.5 0.89

0 396.5 357 0.89

0 396.5 357.5 0.89

0 396.5 356.5 0.89
0 677 337.5 0.53

0 397 356.5 0.90
0 676 336.5 0.60

0 396.5 355.5 0.90
0 675 335 0.64

0 395.5 358 0.90
0 675.5 336 0.61

0 396.5 354.5 0.90
0 675 337.5 0.65

0 396.5 353 0.90
0 674.5 335.5 0.69

0 396.5 353.5 0.90
0 675 333 0.70

0 397 354 0.90
0 674 333 0.72

0 398 351 0.90
0 674.5 330 0.72

0 397.5 349.5 0.90
0 674.5 329 0.74

0 397 349 0.90
0 675 325 0.73

0 397.5 347.5 0.90
0 675.5 324.5 0.75

0 397 347 0.90
0 675.5 324 0.74

0 397 346 0.90
0 676 325 0.71

0 397 346.5 0.90
0 676 326 0.69

0 397 345 0.90
0 677 324.5 0.62

0 397 345.5 0.90
0 678 323.5 0.54

0 397.5 346 0.90
0 679 324 0.51

0 397.5 346 0.90

0 398 345.5 0.90

0 398.5 346.5 0.90

0 399 346.5 0.90

0 400 347.5 0.91

0 399.5 350 0.91

0 401 353 0.91
0 682.5 322 0.52

0 403.5 354.5 0.92
0 681.5 321.5 0.57

0 407.5 354.5 0.92
0 680.5 322.5 0.62

0 413.5 352.5 0.92
0 679.5 325 0.60

0 414.5 350 0.90
0 679 330 0.51

0 412 350 0.88
0 678.5 336.5 0.54

0 415 349.5 0.85

0 420 350.5 0.82

0 431.5 354 0.82
0 675 349 0.51

0 431.5 352 0.79

0 435 350.5 0.78

0 442 343 0.69

0 458 338.5 0.58

None

None

0 470 339.5 0.58

0 480.5 347.5 0.60

0 525.5 332.5 0.68

0 537.5 326.5 0.82

0 543 323 0.78

0 585 326 0.82
0 502.5 333.5 0.53

0 590 329 0.83
0 502 338 0.57

0 596.5 327.5 0.84

0 603.5 321.5 0.88

0 614 312 0.83

0 630 310.5 0.87

0 646 313.5 0.87

0 637 323 0.62
1 646.5 323 0.52

1 645.5 329 0.59
0 637.5 329 0.52

0 652 328 0.67

1 651 326 0.56

1 651 320.5 0.59
0 657.5 323.5 0.50

1 657 321.5 0.58
0 661 323 0.57

0 662 328 0.61
1 661 324 0.51

1 662 331 0.63

1 662 332.5 0.64

1 662 335.5 0.68

1 665.5 342 0.70

1 661.5 337.5 0.66

1 661 336 0.69

1 661 342.5 0.73

1 660 342 0.77

1 657.5 343 0.72

1 654 343.5 0.69

1 650 347 0.64

1 648.5 346 0.68

1 648.5 345 0.81

1 644.5 350.5 0.57

None

None

None

1 623.5 363.5 0.61

1 620 365 0.64

0 620 365.5 0.58
1 615 369 0.56

0 613.5 366 0.58

0 602.5 368 0.71

0 584 370 0.81

0 577.5 373 0.78

0 581 363 0.78

0 573.5 368.5 0.55

1 566 385 0.54

0 564 381 0.74

0 551 389 0.90

0 538.5 391 0.92

0 521.5 399 0.87

0 515 384.5 0.88

0 506 400.5 0.84

0 501.5 429.5 0.85

0 497 428 0.89

0 493 431 0.90

0 478 420 0.91

0 473 429.5 0.91

0 467.5 424 0.93

0 460 423 0.89

0 451 416.5 0.91

0 431.5 407.5 0.88

0 433.5 419 0.90

0 423.5 429 0.91

0 419 434 0.91

0 415.5 431 0.89

0 415.5 437 0.90

0 397 437.5 0.93

0 395.5 435.5 0.93

0 394.5 433.5 0.91

0 389.5 442 0.89

0 384.5 431.5 0.90

0 384.5 432 0.89

0 407.5 432 0.93

0 425.5 427 0.91

0 429.5 423.5 0.90

0 436 424 0.87

0 442 445 0.91

0 450 461 0.94

0 453.5 448.5 0.90

0 461 479 0.89

0 476 478 0.89

0 496.5 461 0.92

0 503.5 453 0.89

0 513 459.5 0.88

0 522 455 0.89

0 526.5 456 0.91

0 536 446 0.90

0 543 450 0.92

0 556.5 442.5 0.92

0 564.5 447 0.94

0 569 440 0.94

0 577 438 0.94

0 581.5 440 0.92

0 590 443 0.87

0 598.5 442 0.87

0 606.5 435 0.89

0 613.5 438.5 0.92

0 624 439 0.87

0 637.5 432.5 0.83

0 647 435 0.74

None

1 675 428 0.60

0 669.5 424.5 0.58

0 672 424 0.59

0 669 425.5 0.64

None

None

1 707 404.5 0.55

1 705.5 412 0.54

1 738.5 414 0.52

1 727 401.5 0.74

1 740 401 0.64

1 751 392.5 0.75

1 757 389 0.61

1 753.5 383.5 0.67

1 752 382.5 0.61

1 764.5 380 0.55

1 766.5 377 0.63

1 770 376 0.70

1 769 375 0.72

1 762.5 376.5 0.72

1 754.5 381 0.70

1 757 383 0.68

1 754 379 0.71
0 614.5 64 0.53

1 751.5 380.5 0.75
0 616.5 63.5 0.51

1 748.5 378 0.60

0 743 379 0.53

0 739 382.5 0.68

1 739.5 385.5 0.53

1 732 383 0.70
0 631.5 63.5 0.50

1 718 381.5 0.67
0 632 63.5 0.51

1 715 365 0.62
0 634 63 0.53

1 713.5 376.5 0.67
0 634.5 63 0.51

1 710 378 0.65

1 706.5 383 0.57

0 698.5 393.5 0.61
1 703 389.5 0.51

0 693.5 397.5 0.76

0 695 398.5 0.72

0 680.5 394 0.71

0 677 390.5 0.76

0 672 387.5 0.75

0 668 385 0.80

0 665.5 384 0.79

0 668 383 0.74

0 667.5 379 0.69

0 652.5 383 0.68

0 639 387.5 0.74

0 626 391 0.66

0 618.5 389 0.78

0 611 374.5 0.62

1 612.5 377 0.79

1 609 377.5 0.75

1 603.5 381.5 0.82

1 596.5 379.5 0.80

1 596.5 378 0.69

1 594 378.5 0.70
0 590 379 0.54

1 591 378 0.67
0 589 376 0.51

1 592 377 0.61

0 583 382.5 0.62

0 581 383.5 0.69

0 577 385.5 0.63
1 574.5 391.5 0.54

1 571.5 390.5 0.63
0 574.5 388.5 0.51

1 569.5 394.5 0.66

1 569 402 0.72

1 575 400.5 0.68

1 578 398 0.76

1 579 400.5 0.76

1 573 423.5 0.70

1 570.5 425 0.70

1 578 431 0.63

1 577.5 433 0.70

1 577 437.5 0.67

1 577 439 0.57

1 575.5 442 0.51

None

None

None

None

None

None

None

None

None

None

None

0 627.5 63.5 0.51

None

None

None

1 534 436.5 0.53

2 535 446.5 0.59
1 533.5 439 0.50

2 534.5 445.5 0.62

2 535 444.5 0.63

2 535 442.5 0.72

2 533 443.5 0.75

2 532 439.5 0.71

2 532.5 437 0.61

2 533 434.5 0.68

2 531 437 0.70

2 532 435 0.74

2 532.5 438 0.75

2 532 440 0.77

2 534 442 0.70

2 534 438 0.73
1 532.5 430 0.57

2 536 435 0.74
1 534 428 0.63

1 534 425.5 0.68
2 536.5 432.5 0.65

1 534.5 424 0.61
2 537 433 0.57

2 538.5 437 0.56

2 539 440 0.51

None

None

2 543 440 0.51

2 542 437 0.51

2 539 438 0.58

2 538.5 435.5 0.60
1 538.5 428 0.55

2 535.5 442 0.65

2 534 445 0.69

2 530.5 444.5 0.70

2 527 442 0.71

2 524.5 441 0.65

2 523 439 0.59

None

2 520 440 0.52

None

None

None

None

None

None

None

None

None

None

None

None

None

None

None

None

None

None

None

None

None

None

None

None

None

None

None

None

None

None

None

None

None

None

None

None

None

0 615 65 0.52

0 617.5 65 0.56

0 620.5 65 0.52

None

None

None

None

None

None

None

None

None

None

None

None

None

None

None

None

None

None

None

None

None

None

None

None

None

None

None

None

None

None

None

None

None

None

None

None

None

None

None

2 501 448 0.55

2 500.5 451 0.51

2 503.5 450.5 0.59

2 503 450 0.58

None

None

None

None

None

None

None

None

None

None

None

None

None

None

None

None

None

1 500 387.5 0.52

None

None

None

None

None

1 500 392 0.51

1 501.5 397.5 0.52

None

None

None

None

None

None

None

None

None

None

None

None

None

None

None

None

None

None

None

None

None

None

None

None

None

None

None

None

None

None

None

None

0 486 448 0.57

None

None

None

0 484 439 0.58

0 482.5 442.5 0.66

0 484.5 444.5 0.62

0 485 441 0.50

None

None

None

None

None

0 484 437 0.53

0 482 439.5 0.59

0 480 440 0.58

0 477 439 0.60

0 476 440.5 0.62

0 478 439 0.58

0 479 434.5 0.51

None

None

None

None

None

None

None

None

None

None

None

0 474.5 431.5 0.56

0 473 430 0.57

0 469 438.5 0.71

0 471 445.5 0.74

0 470.5 450.5 0.51

None

None

1 476 435.5 0.55

None

None

None

None

None

None

None

None

None

None

None

None

None

None

None

None

None

None

None

None

None

1 486 424 0.50

None

None

None

None

0 483 439.5 0.59

0 486 438 0.52

None

None

None

None

None

None

None

None

None

1 472.5 476 0.57

1 472.5 478 0.56

None

None

1 465 475 0.51

0 464 461.5 0.56

0 462.5 458.5 0.56

0 454 458.5 0.78
0 628.5 292.5 0.51

0 442 455.5 0.77
0 635.5 302.5 0.68

0 429 457 0.83
0 644.5 302 0.67

0 428.5 454.5 0.88
0 648.5 300 0.64

0 424 445 0.90
0 647 293.5 0.66

0 414.5 428 0.91
0 651.5 300 0.58

0 408.5 422.5 0.91
0 650.5 304 0.62

0 402.5 404 0.90
0 650 308 0.59

0 400 396.5 0.91
0 650 303 0.64

0 402.5 392.5 0.91
0 652 304.5 0.63

0 400 386.5 0.91
0 653.5 303.5 0.62

0 400.5 382.5 0.91
0 653 306.5 0.72

0 401 381.5 0.90
0 655 309.5 0.79

0 401 382.5 0.88
0 657.5 310.5 0.75

0 398.5 384.5 0.88
0 661 309.5 0.79

0 398 386.5 0.89
0 664 307.5 0.82

0 398.5 391 0.91
0 666 309.5 0.84

0 400 388 0.91
0 667.5 302 0.82
0 369.5 267 0.53

0 402.5 390 0.91
0 670.5 301 0.80
0 369 258.5 0.76

0 404.5 391 0.92
0 671 302 0.81
0 368.5 258.5 0.74

0 404 393 0.92
0 675.5 298 0.80
0 367.5 253 0.68

0 405 392 0.93
0 682 299.5 0.86

0 403.5 385.5 0.92
0 683.5 301.5 0.87

0 407 386.5 0.91
0 688 303 0.87

0 408 385.5 0.91
0 692 306.5 0.82

0 407 381 0.92
0 693 307 0.85

0 409 381.5 0.91
0 695 313 0.85

0 406.5 385.5 0.93
0 697 310 0.85

0 406.5 393 0.92
0 698 310 0.85

0 405.5 396.5 0.91
0 700 308 0.86

0 408 394 0.91
0 700.5 310 0.83

0 412.5 395.5 0.90
0 701.5 316.5 0.75

0 416 401.5 0.89
0 704 317 0.67

0 418 401 0.89
0 706.5 317 0.57

0 420 403 0.89
0 707.5 318 0.53

0 422.5 402 0.89

0 424 406 0.87

0 426 406 0.88

0 426.5 406.5 0.86

0 443 428 0.82

0 440.5 429 0.82

0 440.5 434 0.82

0 443 441.5 0.82

0 442.5 441 0.83

0 439 441 0.84

0 430.5 441 0.84

0 425 440 0.86

0 426 442.5 0.86
0 1000.5 153.5 0.66

0 424 446.5 0.87

0 419 450.5 0.88

0 416.5 452.5 0.89

0 415.5 457.5 0.90

0 410 462.5 0.89

0 404 465.5 0.89

0 399.5 466.5 0.89

0 380.5 452.5 0.89

